OUTPUT_MEANS
32
1.010599756097561
0.97527426829268304
0.94287980487804868
0.91364856097560965
0.88758107317073176
0.863100243902439
0.84020580487804886
0.81894104878048779
0.79930590243902444
1.3325851219512197
1.3125075609756096
1.294659268292683
1.2784846341463414
1.2639840487804876
1.2510902926829268
1.2398040975609756
1.2278629024390244
1.2152660731707319
1.204993756097561
1.1802604878048781
1.1970273170731707
1.217649756097561
1.2407036585365852
1.2661878048780488
1.2922760975609757
1.3189678048780489
1.3457385365853658
1.3725897560975608
1.409890731707317
1.4586112195121952
1.502790243902439
1.528781219512195
OUTPUT_UNCERTAINTY_SCALES
32
0.0067771861482645379
0.0072985591492637702
0.0078509355472655973
0.008480465504174698
0.0091870375088929056
0.0099458330788974713
0.010757288124781323
0.011663120740831767
0.012663423553866907
0.0085031569320400801
0.0093466997308622752
0.010257102688930951
0.011254072350197904
0.012337833840961782
0.013524817824674904
0.014816026357151487
0.016209829636473098
0.017707814076376824
0.01938662994985204
0.0060865415308883177
0.0064393332787822805
0.0071813889077951909
0.0081156764258049248
0.0092421309393166066
0.010568415860061299
0.012094619613960909
0.013824000626392493
0.015756454390717968
0.01909046117273628
0.024495867600033847
0.031169900945334093
0.037134581070273696
OUTPUT_PCA_EIGENVALUES
32
1.734596795087177e-10
1.1167959727346487e-09
2.9607700588033246e-09
4.9744840787816973e-09
1.0172266141830905e-08
1.9929252631699037e-08
2.9107688299519855e-08
4.6380813675043609e-08
6.0932784404225541e-08
1.3322696167530917e-05
8.0933221861444099e-05
0.0002135390098820621
0.000723397382214327
0.0020936754629395887
0.0070435891705399852
0.0080836027306988439
0.013366087537447422
0.02137551325951054
0.051771060158176271
0.14708942989246934
0.23888145456037524
0.36233027125819067
0.3827807779073083
0.4185460318379281
0.53690801493075879
0.60526832266014863
0.70617282903517253
1.0677743245333469
1.6505107852515417
10.360380671944192
118.67354276140362
1897.7981632529538
OUTPUT_PCA_EIGENVECTORS
32 32
0.0019767725909230248	0.0019210175850637007	-0.0010836367175209335	0.0038414667723599702	-0.012880616807552994	0.0034384860444373424	-0.00039081414574781715	0.0030144626423793406	-0.00032019945953023978	0.42578352012984449	-0.080813802206130644	0.19072309127109294	-0.22821001990455889	0.17889652505343273	-0.014499449717001931	0.33176675009924689	-0.25673055161823427	0.15256937250092223	-0.072687267740156006	0.052452557592571315	-0.21232993245885234	0.04580791194317959	-0.22258561840859592	0.17542014338906331	-0.19908110667110346	0.067609286200514859	-0.1800383545815778	0.0088555724544904322	-0.072055248155089555	0.35040394682086973	-0.33393204587145531	0.20081024191409261
-0.0058956969967425632	0.053158757464383838	0.18144699269479117	0.067795240424316311	-0.028757203510207718	-0.011838024381776488	-0.028627993605075067	0.0058189155777080958	-0.01424625449596215	-0.52189458632063923	0.06136526523077733	0.031465378680078163	-0.11549712245101501	0.26620860048741557	0.36701730894463669	-0.1720976895288765	0.33340001991974205	-0.16206036527036871	-0.036823297057911659	-0.011328718204447167	0.029056843239824076	-0.04601524252191018	-0.14797315626837948	-0.019622381484971321	-0.11064055866867024	0.13978107821746158	-0.22823389003381642	0.037515498683254378	-0.021852296723487683	0.28568184237666577	-0.2383757192745081	0.20881088962470751
0.012092134305431474	-0.17970798867232607	-0.58111121982063052	-0.23818678606535593	0.1413985670610006	0.028966664260413728	0.09229357365606923	-0.035980325135560987	0.045753683387520484	0.030143898282166376	0.053375298986844628	-0.24908230240121049	0.067591555904088135	0.12605121026132768	0.14121109484917843	0.065156244010302886	-0.075219030275827506	0.079044874277625118	-0.015083559267816836	-0.15846123613923124	0.30630081419984578	0.0076165768938419639	0.30061707283085942	-0.25206693736973318	0.082798059124692611	-0.0068667733811308487	-0.13032669792892337	0.085209488251881779	0.070311106275599666	0.20520315670102585	-0.15007047403461116	0.21024357289548248
0.042001120772255846	0.35831996923533516	0.50160699481910942	0.23087043338122834	-0.18982426695163696	-0.046528983067109501	-0.087889112770489844	0.03788197981624028	-0.056230739094807816	0.16104249706629289	0.053435872369352516	-0.1992686695570432	0.15986092111071357	0.056745730529702935	0.023551273111446936	0.12825329115757511	-0.144251359983252	0.13359463146518452	-0.079929225136947016	-0.04291164279162208	0.21817677524747131	-0.096875342699037525	0.3270538454538916	-0.23448495445142617	0.17443294353987537	-0.012378388772011781	0.041426818364418139	0.10237980794946949	0.15710271627217201	0.14056519934034348	-0.061057728209076033	0.20825442819197751
-0.17119261648919976	-0.6029354938488658	0.17819316602964144	0.0026873333188628741	0.15936239730803006	0.062423931600611202	-0.0029872180951014187	-0.0010689615892714756	0.041437716720275859	0.0009017319241895411	0.053156483669340941	0.12065017527061704	0.18527730035223888	0.044170111749312214	-0.0059178864059338749	0.052616710997804475	0.0594568249619494	0.037952337861294295	-0.21198018572985505	0.2784475457147661	-0.15790087269936393	-0.32435265516536321	0.017428974516538347	-0.018618808938359113	0.18265905657351592	0.094177173914588672	0.26790613269235725	0.094882330691668501	0.23748253364234509	0.090179504511814765	0.026275549168434695	0.20360221286288585
-0.013392610563827369	0.58265155092813314	-0.40695019435534119	-0.12285618259696475	-0.0967198968148721	-0.033058720344832954	0.033551010465971698	-0.014849204633090876	-0.016585003539418563	-0.065200089552131912	-0.033218089769388497	0.1685679303558624	0.12332466637762829	-0.029628607701170248	0.037049720949385023	0.0092266835236601771	0.075983693488177767	0.011383724032111422	-0.21313677097147754	0.15927613474899233	-0.13333539920664214	-0.19565189399892041	-0.11585300683768865	0.16215579316517259	0.11121953272014543	0.15856540492444302	0.27586038081385234	0.034449050052974987	0.28220340176490794	0.040435404559150262	0.092146987510351913	0.19802922378876051
0.59105069406797961	-0.22536602774865203	0.061231455247609957	0.097278001424060942	-0.0068485042957848428	-0.052193075612688745	0.010654874164812676	0.0062845823371390358	-0.018777700851455657	-0.018118143564346118	-0.18912096381042262	0.0045105135055958671	-0.0054810621440072836	-0.15189070057567414	0.13611000760668929	-0.0070514606836766351	-0.054982949397752834	0.039612116622900859	-0.11104756828990522	-0.30545091803977908	0.20656159815524186	0.21201071030808666	-0.10811400970483315	0.31252404280795787	-0.022060882245248107	0.18863695995733626	0.11149065816411177	-0.066850144590258856	0.29820671109686825	-0.0080791556438979117	0.140133966567905	0.19180326319487556
-0.71518164947219975	0.019120020101764394	0.10579996582529042	-0.066457758684181953	0.052587203414962716	0.075802767477474428	-0.024664350971894657	-0.0012212798411104179	0.028000186894905639	0.01614446841894639	-0.091021154135219634	-0.049762989916405979	-0.094376091953941504	-0.094510690149018098	-0.0028156861288800975	-0.011505001490970331	-0.02417368829600109	-0.026057047278719731	-0.15187987754928042	-0.22783445948468842	0.19835630517458949	0.29577161983458627	-0.043108515032097498	0.13995097441433926	-0.16888716641458534	0.028730625352152747	-0.05633572406100202	-0.14371904974261579	0.29668410778267645	-0.024912398709515528	0.18387415178193411	0.18301294407949645
0.25894612564500658	-0.007221696957102436	-0.039374258888012895	0.025117846069295145	-0.020280252225109908	-0.026241933223396113	0.007384959042324479	-4.8031154176952592e-05	-0.0085280835718417221	0.020889572835499918	0.20521484349313612	-0.01296482667766592	-0.14984416066741416	0.10163570388816266	-0.32553058563387716	-0.0064138363284550904	0.13324031015132165	-0.1641062646605275	-0.30399747302069363	0.27400762316702015	-0.083032629685044754	0.12325490129678851	0.065429598560017302	-0.28244981202181552	-0.32304662705046627	-0.27678726876381449	-0.22309633074756174	-0.199642217926606	0.2814136909315208	-0.016491539185291264	0.22330008518509686	0.17240320005148047
-0.0019736068296530257	-0.0017860961824824337	0.00086235476728254747	-0.0033673901175135146	0.012346777306312073	-0.0032024339218469618	0.0003174011433670934	-0.0034342891788624206	0.0010043001522803902	-0.41963719477056083	0.081636525152898015	-0.15956422766391598	0.19023076164166813	-0.30960501987468819	-0.2974793372780401	0.072679223823781419	-0.18437110402881488	0.065922880285318911	0.023749506140912431	0.12824289747731096	-0.22605085496297755	0.42337072238752071	0.058736090558524308	0.033116167161707517	-0.05072804957765624	0.0094767444654811749	0.14315910157147244	0.10084633199667221	-0.026298137867036688	-0.041082786395628214	-0.43546353623231954	0.22403714586175635
0.023575010809596144	0.018339489499076697	0.058887496806796759	-0.093363816327736548	-0.019450232987759015	0.085977124626407359	0.12329882575719804	-0.058392737004487057	-0.035558475283029765	0.51937890625559524	-0.064251002184875491	-0.056614878593937788	0.15013274815993091	-0.11083906108829485	0.11080833985427262	-0.37555624532742782	0.41698267320620308	-0.23739938978978359	0.03293780318551922	-0.032715485444405709	-0.066954184447536286	0.14968661097414709	-0.00098532837719796638	-0.045983311002175377	-0.071216121672169605	-0.10790653910099783	0.21147770907544727	0.0040027448748542211	-0.07575597232300646	-0.084219838118578888	-0.31647435580143657	0.24126183621488478
-0.070473414861467687	-0.052461450159359595	-0.19729599107731485	0.32506473235130923	0.016056968182958011	-0.27459553738712583	-0.40562535929584759	0.21192716610248671	0.11425737167571824	-0.031714950075401205	-0.05789488676453481	0.23029376755902073	-0.078491109680236218	-0.12413922393144391	-0.14432689866854534	-0.064349620906111127	-0.023200312943322251	-0.0087755689049194199	0.065246537346891495	-0.094538671887795328	0.31017108693555334	-0.28067540411517755	-0.11039299432130312	-0.11373701468879176	-0.16310337939186517	-0.16950358885270747	0.17191686718124416	-0.10407867910207687	-0.11489146312795304	-0.13742679874264491	-0.20003395509673508	0.25269270627632123
0.059786247754478355	0.031636602761438162	0.2056906015137536	-0.38384311607913107	-0.042314618291213489	0.16354159504027921	0.34713201375702063	-0.32964497530010001	-0.20307372498654791	-0.15988530770840559	-0.039971903715997119	0.18861926336618423	-0.16796801137491782	-0.073845132949064529	-0.1719680784926142	0.035478221995242011	-0.13887964525293059	0.032967080276192058	0.10642238107078503	-0.045008216126129257	0.24787089230433212	-0.32865279586232404	-0.0050884144012616648	-0.022029323755822793	-0.043590611040075777	-0.068241354846653224	0.041258680026435075	-0.23344100467484086	-0.1105293901500539	-0.15693328445991939	-0.092835400218982858	0.26018367705272638
0.026346716520931859	0.063195394021610299	-0.039311383564067832	0.2106222785836957	0.10397154770879054	0.34182243026230485	0.15989749427746547	0.39364081693522501	0.30069536171317829	0.0023664577980719238	-0.049933005890338875	-0.10049850277480393	-0.15961646852198541	0.028718525608939754	-0.025453021928971826	-0.02798579818556075	-0.0063987907965111198	-0.066754230396616376	0.15414929390447552	0.088059104116192333	-0.14652668555660053	-0.086249754730988934	0.26062568498056338	0.1883714505111366	0.23372788595961491	0.15438273942106015	-0.15538958022317359	-0.37618612362084669	-0.073339567914506007	-0.15049693717350457	0.0050871337397009244	0.2645214928366692
-0.023183112461188538	-0.046352745763968473	0.0043867125262423198	-0.17696573383333025	0.012730408099765906	-0.44722571669084943	-0.41446224896619266	-0.30168029233771976	-0.20306892534239229	0.06631210147046647	0.034457025928699682	-0.1498993371920547	-0.10104190659665903	0.060797301201940157	-0.0012335169410965694	-0.019256330071073302	0.056948050971886287	-0.019897353798710781	0.17233319010400916	0.021103762290726143	-0.2411093573762145	0.041955216721792525	0.090775053696527386	0.11574515123633954	0.33764137980041892	0.10543281225751132	-0.18299190547351554	-0.22613883667338516	-0.037348652507668223	-0.11963227448472595	0.090701519004780323	0.26543408014439107
-0.096906167602998347	-0.11849835075371455	-0.14610921588225845	0.32687293980084059	-0.35876330109343302	0.022388563768300611	0.33176334767488386	0.004667775195940361	-0.15008172176696666	-0.00069584827438242563	0.17095530607724163	-0.016443798036005305	-0.011137484147793118	0.043704582027874438	-0.070337200285405466	0.042211821134828	0.066178981282510596	0.13778070695162251	0.16776391771969193	-0.19642459010222274	-0.10624838383449221	0.080615952424885992	-0.40677314604518489	-0.17057269623275054	0.30768650624668092	-0.14894769021436663	-0.08153709935843502	0.1432096110013541	-0.0028794040271452243	-0.070775571868988335	0.16516351356642445	0.26370488372606615
0.12979309681991533	0.1661937306160709	0.17627255347566823	-0.3209740887473605	0.43427239206343121	0.17563637383620165	-0.22497381119849572	0.12991980398918296	0.27789829236752145	0.0030088692956468134	0.082483320190699802	0.04131210881836285	0.084655757811181218	0.076484032272721894	-0.016155522071552433	-0.013714912140028068	-0.12348806120280352	-0.034908603828324891	0.13904134495283646	-0.13440542366630515	-0.050089371445162907	0.063618181809312599	-0.33173998269046612	-0.15459908630680785	0.099702089484771092	-0.16148434013041393	-0.022210065146648431	0.27998350961462387	-0.068188740259142192	-0.035189725992792506	0.23027826894903472	0.25903706669115523
-0.047264797385555522	-0.060304282386014728	-0.063161458900943573	0.11590226718717293	-0.15742036745236349	-0.064942563223011451	0.082819681524234967	-0.047199645995828293	-0.10204956662548309	-0.019664050170188536	-0.17354797408336084	0.044319422173566013	0.18381470436145286	0.15048318065440178	0.13094721001117268	-0.15958654020557941	-0.46124570031260748	-0.45664444118243019	0.092273687378088706	0.14023058840929803	-0.055162697490811687	0.0042287217945903514	0.1789545127073556	0.09196645692414375	-0.24076066090096923	0.010591690800512362	0.0039679397851948928	0.2365607699176997	-0.20859510700070322	-0.010359472540141206	0.28709532237759455	0.25218527950632313
-9.6759296592975846e-05	8.9460765051678178e-05	-1.0526937264295168e-05	2.0393433489167901e-05	0.00044843347587619	-0.00013481185341171606	0.0004540699924487854	0.00034768890518120931	-0.00048908584628857687	-0.0081080693435021164	-0.012625057905916321	-0.028154494346948521	-0.04385428638137407	-0.23469265307865822	0.13952587437753669	0.14915076236166241	0.35555654468102332	0.49192534587692338	0.17809001701623481	0.1467622913792116	-0.036087591595991876	-0.029891975190310557	0.23264376244472587	0.10140146508098473	-0.37622996876236225	0.00096844374141478388	-0.0041134958055396931	0.2171650301993801	-0.23572525013839146	0.022322673609493061	0.32872227393464482	0.24319982138111734
0.00013411955675885292	-0.00023113855286618928	-0.00024587921610255583	-0.00022699597383990169	-0.00038776705431067999	0.00052638123059852327	-0.00052499862146416229	0.00017507583051602253	-0.00050642538710274658	0.013833062839149389	0.017167591331983843	-0.006079802267673181	-0.037508255217024916	0.059667995409098624	-0.030665007845660095	-0.44896545745751859	-0.11269701929253616	0.28581815187795412	-0.098223785156865417	0.26369574445355221	0.19829902841219132	-0.038790135827569273	0.0086798969120938773	0.45170018358401687	0.16039507913625789	-0.39338431444110494	-0.29409175080579869	0.25613420895926631	0.12884027617841828	-0.087289250149031425	-0.12912305692488812	-0.0047187504158572339
0.00020747255548371664	-0.0038865691752744554	0.00086219535203345573	-0.037453337635346078	0.018824217228352379	0.0096857793857528865	-0.012114683301988347	0.12384446583268799	-0.14514850131252893	-0.01120939968788769	-0.018477211046180064	-0.0067688249641996556	0.046513950112467076	-0.10387194917039466	0.008832853708977002	0.56572344961898402	0.24776674009738839	-0.4248800067426452	0.1186382149695842	-0.050894624066696759	0.063709404857298979	-0.13198147262788254	0.07981512218668009	0.28165723121532171	0.045007687258201867	-0.26196485830206073	-0.19082103068792672	0.26923880806054173	0.18512239255633026	-0.17948046845346441	-0.1267398447335685	-0.011752424959887101
-0.0013565887737429162	0.013955022026493579	-0.0019400871300563657	0.12674543775981809	-0.060734852644886636	-0.034945206574241508	0.042727378473349835	-0.41523317198048765	0.48831914394462539	-0.030839008848225932	0.0073834952826567577	0.018718226501496026	-0.020184358198366417	0.027352907263712315	0.017960932780696305	-0.04738504249147555	-0.036158087115813461	0.048543611902908408	-0.085030517002298078	-0.40511551414813063	-0.35958267200027999	-0.22886171431108401	0.17398158037443665	-0.003294418023465852	-0.1688359506623705	-0.032992728924300566	-0.11673795598958531	0.16502448347092591	0.17069322568911446	-0.24908220790695632	-0.11080525963863068	-0.012835626422261055
-0.0066899567946438372	-0.0036745427288489931	0.02610657375650513	-0.1458072612929075	0.11603282495132698	-0.099485454289149844	0.059896596985240802	0.47680090463518215	-0.47500652784275182	0.014510598585214684	0.012185475276132243	-0.0046105465034591573	-0.017187300514709888	0.037786892706289064	-0.0060653981746142593	-0.19175897607864537	-0.098978103839690884	0.15556537466201359	-0.069090971759064118	-0.25263904741882054	-0.26589369747040043	-0.17719442720731812	0.06528338445434706	-0.13223764256746834	-0.19523551717888749	0.20770283039458548	-0.14040398719155955	0.13498508114706087	0.14997513973486581	-0.2864644905115224	-0.094333145419150055	-0.0090306661308872885
0.027909043831227845	-0.035938222023425871	-0.083348522405378669	0.062264763520279341	-0.18953257830286796	0.46119384781395634	-0.35242731255282372	-0.20342357938571878	-0.054554635185155784	0.094664287199904884	-0.033484526989445811	-0.072860044773097363	0.040198110816107427	-0.035792093523690713	-0.04947564238834487	-0.0045792005893505088	-0.0013877804984002741	0.0032116981503253817	0.10053654771076338	0.24369318073257751	0.18183287738209591	-0.02561831010669495	-0.17824582724341367	-0.14476381747946526	-0.089625763182553289	0.44183838294048833	-0.23074460835890931	0.15855879024597233	0.12625953413446944	-0.29910505951033611	-0.078503117086332341	-0.0020592076170096313
-0.030941563693026121	0.072611978957163481	0.073838969632519194	0.084713474218467671	0.29084691259743883	-0.48479124364183823	0.41110543883224476	-0.033315224904985105	0.21632470055995742	0.08435274547656367	-0.0097807444314579033	0.069016818310393385	-0.056929665576137413	0.06317447814748231	0.038394740169228059	0.080013132430504272	0.021027744608181367	-0.0076325068427491758	0.10268590987952105	0.30016475743483173	0.23162807104936828	0.13812601887049469	-0.094933664272687623	-0.12705000057648905	0.008476218402970994	0.30630629269174475	-0.078848311978055516	0.13553184731758627	0.086657868452291439	-0.29657637535342218	-0.067360108429310769	0.004059324799173418
0.0095285967761260092	-0.10016241694638707	0.033194259936001301	-0.31286847806708568	-0.44618445795373685	0.007231123061370367	-0.11746439637741794	0.20781590323840579	0.17735925829531587	-0.047247741700827718	0.019757104510219455	0.32368383857867195	-0.24947712240711939	0.26896048503064651	0.21010311200299536	0.093256712386955085	-0.0062742078508342411	0.074661610997203864	-0.0072994365014115185	0.059389301988696325	0.011859528039502697	0.30125420303010303	0.20324064352196239	-0.090057249031641043	0.096927718544489561	-0.070629104127786779	0.22810632530458724	0.082276086517126215	0.038336765915993158	-0.28402053074741734	-0.059883495534316135	0.0092959488242825988
0.002850358669373082	0.092772394643726733	-0.078481558523963699	0.3583260588999041	0.43175966415168515	0.23109644594290257	-0.052329006380008078	-0.25435228516808717	-0.334345169394344	-0.050012710868956659	-0.0074926258503755106	0.016703091178195913	-0.17743899494068879	0.30624210467349777	0.22510278149077295	0.11910897022910258	-0.029877642272616307	0.093294431086223914	-0.10721497393653545	0.012302331058997213	-0.043088230942110416	0.16111363848667593	0.07937227356783165	-0.0070974533449227675	0.01222950679596578	-0.18144002677910998	0.28427979228912759	-0.016248379301799013	-0.038491624779773477	-0.26717938824605936	-0.0464104764947149	0.01567971937672849
-0.00088325962220838893	-0.036033963362250426	0.029581761594114981	-0.13756518170646426	-0.16066479497993005	-0.091023523058701941	0.022863242835322418	0.096954367206902203	0.12546138048138245	-0.027118361028797115	-0.078351562875173766	-0.6618110371173952	0.06612876105943287	0.22747616255112593	0.13482511615290727	0.15281973780836128	-0.049890211555984457	0.068391717590039924	-0.19517092554798307	0.097235194382304047	0.0146823207976878	-0.17724919738643308	-0.32282229012651342	0.10341408558237367	-0.18502238841845733	-0.10970310192155799	0.17006630723442839	-0.14135959780103613	-0.13135844886147521	-0.24811879604376422	-0.029421894343141141	0.022586371433788218
-0.00014359816322676375	-4.0113631015150458e-05	-0.0015800474281756828	0.0040880755198252159	-0.0040288169289755971	0.0042541607450010425	-0.0059045299749038568	0.0013817081663025836	0.00446729734912177	0.055579178784064237	0.49448771984966106	0.27614749065469135	0.53567809051996917	-0.034681712257760913	0.26618052315880908	0.11238945289056344	-0.062986837139825946	0.072707151564196035	-0.21612880866559644	-0.048690691342453796	0.076476428416517861	0.062085689600652832	-0.017226103017061265	0.11672011976533089	-0.057536496098802105	0.01245002480795006	-0.22824009511569499	-0.29171289754682073	-0.2017114720481113	-0.19947465530987507	-0.015878341016869212	0.032294301168660305
-0.00019938861317347851	0.0012216147305128633	0.0039125402447474393	-0.0044594513160164774	0.004086113150792871	-0.0049518264815531735	0.0059672349309115328	0.00012208418915933672	-0.004753858901772527	-0.087264931477319688	-0.6917692503381877	0.13933834014070492	0.19539221248330385	-0.098866085818105673	0.030901308672045876	0.08856132893888094	0.095210633167958636	0.088624200070189313	-0.38818273830088901	0.029091248808763473	-0.066055688989834244	0.072421873819084159	-0.015682123627050026	-0.24552706409416891	0.20239231251992559	-0.10960893970406056	-0.29745148753169909	-0.033701148831271899	-0.21199215785483885	-0.098570731142592072	0.0085770583193680826	0.040356195982008292
6.2310217033399844e-06	-0.00061427841490334779	-0.0023125621793318139	0.0022956488657045011	-0.0021421213552007836	0.0018434113480219297	-0.0015498959318474802	-0.0007367105199642416	0.0024118592723450078	0.056375521688949028	0.27083183494663382	-0.10515234057216179	-0.46353376034112792	-0.44270707140732229	0.15677521010634241	-0.013476560257393281	-0.099925449038761202	-0.19171540327288741	-0.48682357991816505	0.0022486858378796453	0.023540868258008968	-0.055140958324423346	-0.0018455055118099791	-0.033769844085237144	0.17482041898682849	0.11041118263630292	-0.0024636382864229281	0.23158496354107402	-0.29483702738149542	-0.040432732534658053	0.036205957069389755	0.04503667309134473
0.00013996106294666491	-8.2324549148137031e-05	4.349582134062285e-05	-1.6734050517604286e-05	-0.00055647164854056316	0.00050970817003431789	-0.0010240432680807135	-0.00010875635757316414	0.00062289497300742033	0.0048337533455626051	0.055864264201277644	0.019132628832950055	0.067232190861183483	0.40891719867404025	-0.55709557164851564	0.0057721578037406539	0.25288054645470021	-0.022041017354241573	-0.26411054853984534	-0.21572200527781074	0.16426544147139513	0.058611903601234909	0.10977172060468125	0.23986130577846049	0.041751633139680985	0.26316382932730148	0.064912856918655698	0.2036524975033796	-0.33385016524060596	-0.028055016822666978	0.051114681088444004	0.045791072670701274
END_OF_FILE
