OUTPUT_MEANS
32
1.0111705609756099
0.9758550487804879
0.94372114634146331
0.91448078048780479
0.88813441463414633
0.86340209756097552
0.84028385365853653
0.81903912195121953
0.79966812195121961
1.3332480487804879
1.313098048780488
1.2948502439024392
1.2784785365853659
1.2639828292682926
1.2513427317073171
1.2405586097560977
1.2288867804878048
1.2163269268292685
1.2060248048780486
1.1802826829268291
1.197091707317073
1.2176512195121951
1.2404651219512195
1.2655314634146342
1.2916873170731709
1.3189312195121952
1.3455217073170731
1.3714592682926827
1.4086553658536587
1.4585831707317074
1.5030631707317075
1.5288565853658536
OUTPUT_UNCERTAINTY_SCALES
32
0.0067828922483627926
0.0073044568403390917
0.0078579488189955901
0.0084881888477967484
0.009195059383142969
0.0099541161266392172
0.010765789990820462
0.011675684003148921
0.012683971872550161
0.0085105916845409219
0.0093545303486392319
0.010264536006445203
0.011262313369343047
0.012348104803536254
0.013538918515156944
0.014835817265063084
0.016236817161384885
0.01774356840302764
0.019432487437231388
0.006095584739783993
0.0064476713102980827
0.0071889263488963762
0.0081218317370759744
0.0092463180890864759
0.010572808940446661
0.012101379836935872
0.01382943005528553
0.015756868039937373
0.019092761432671489
0.024513295752666267
0.031204858310986332
0.037186893033748065
OUTPUT_PCA_EIGENVALUES
32
2.1121348595534535e-10
7.909670432740351e-10
1.9069110404853446e-09
8.2371617807877706e-09
1.4143579469030865e-08
2.1424935364841999e-08
2.8071227982317198e-08
4.1559251406899797e-08
6.1549135736847345e-08
1.4801803961013298e-05
9.858383379156391e-05
0.0002003093522436856
0.00068723851842618323
0.0035730660485140844
0.0071110370596259853
0.0080311508724627539
0.016541365916066565
0.024022072198943183
0.050071991258350296
0.15937807488779415
0.20446845105928577
0.29715652502394896
0.37935802495497462
0.4663751628985548
0.48944741574196515
0.60345188912581693
0.76683247323976611
0.94066833555307339
1.7237865900069285
11.155231620742253
114.52245915192987
1952.8823431643239
OUTPUT_PCA_EIGENVECTORS
32 32
0.0017086514887538935	0.0041010884605322375	-0.0026745717879464019	0.0052558973191193931	-0.0084079056897357653	0.0011313298593989714	-0.0045968466142951346	0.0032553579394835226	-0.0031204886075415971	0.430180427459463	-0.047645689795621546	0.16444577932282858	-0.25034819024469823	0.19700557266264002	-0.17243591186340998	0.32203741304505901	-0.23833530666481345	0.10103696590847198	-0.095421764606579126	0.042467981870894872	-0.1721478568153115	0.32435961636962313	-0.033404860186987115	0.0050428792507804261	-0.020170470819063452	0.038033814078518947	-0.14608060041826151	0.1747400963588282	-0.07729264176586878	0.35646566922908457	-0.33221822418801494	0.19872680077931429
0.0094339703410758306	0.086616254636303833	-0.17760478164276272	-0.016034034483325511	-0.0080489567608878574	-0.03698658605569885	-0.017492605460156997	-0.024056189151248939	-0.008449586801066368	-0.52025407057276041	0.020738997496066169	0.021569591707304065	-0.085370536845236114	0.36215386321876902	0.36576443100925388	-0.13955759625405909	0.32300502172870099	-0.015772164934766249	0.0023541524655997536	0.012796207534519821	0.021114590532977671	0.11090199098826579	-0.1127852245295537	-0.11074003579566861	-0.063515700958844665	-0.072562088206019879	-0.19261955389662672	0.15108721526293623	-0.038033008556413936	0.28709744401487564	-0.23748114459620123	0.20731362034402998
-0.036866284062758659	-0.296006254252005	0.58415501351346344	0.032409815702729154	0.059334810885936687	0.11919585662075205	0.073508785971451912	0.059708546427569571	0.040458478976838588	0.026130869456686887	0.035240804263555685	-0.24153219997272768	0.10167666968556958	0.15015877516188217	0.068999772103933918	0.092289354294680756	-0.10179766799403149	0.0051320802901607451	0.031197057568457785	-0.17168124599268025	0.26478475593600087	-0.39077960526422828	0.090234375522009524	-0.17538461421341692	-0.10773607700648423	-0.027981398676962348	-0.09324584894017203	0.014577892205122961	0.071703836699454362	0.20063224862065124	-0.14636269119346043	0.20808812049774769
0.090265811368051618	0.46095504714445068	-0.47790696430741075	-0.010050625245980804	-0.10163771152119541	-0.12532484498187951	-0.06724364665309146	-0.057910976608321847	-0.054275295873410165	0.15345932353916286	0.046623524503077753	-0.18438983372924747	0.18106159813753359	0.0497988142379579	-0.042394729536125296	0.13969975823049322	-0.16122218906860669	0.041426951810827825	-0.058376895005690481	-0.087769558730336455	0.1379438387426391	-0.48196250314458516	0.051837694616670385	-0.061315783634600517	-0.058888003681700628	-0.052049507833960361	0.031907829437332072	-0.031218665129849596	0.17217578179800105	0.13126911932399368	-0.058777630207357399	0.2064829131070865
-0.17567201446267586	-0.57055076216677436	-0.27171146457345935	-0.06255105562077104	0.13439000788284575	0.031313979542876624	-0.013591002772418445	0.016542609203024975	0.044428062240669704	0.00094227156746307409	0.048650754082967596	0.13557163700119448	0.17912537095103545	0.038499720177326328	-0.003907407923894061	0.040647558292793567	0.072348735492940561	0.089184660038540906	-0.23981549324806148	0.207497056826563	-0.27987073337396062	-0.24459751684182798	-0.17746854820867639	0.19197230711608912	0.062694116486072191	-0.12980445050473438	0.17473142796829219	-0.0038376958403319498	0.26281420909592962	0.077267698300780799	0.023807601673741744	0.20303240444099654
-0.02696001217330769	0.50976149124221559	0.5070992661255409	0.061676277436550436	-0.08754394356593187	0.030630649071418724	0.040940574954959438	0.0064625680801304068	-0.025131464473748172	-0.05824205141747784	-0.033893949076619925	0.18232959931216455	0.10836340677500503	-0.021557928813810627	0.070136932526883689	0.015405829563860584	0.077507466449642667	0.069128679891774986	-0.22274307452034203	0.13869792216572471	-0.20476406872748704	0.032498376129617743	-0.14677829198109096	0.24031721644321744	0.017977056710369511	-0.17741405488851744	0.17488137300949905	-0.012135933813753172	0.31600311251365959	0.033536934213559542	0.088353064422880503	0.1978005043824233
0.58958453813643152	-0.23216454803922881	-0.087776197719482502	0.032986425718660145	-0.060814923944980101	-0.050638002290538366	-0.0067231891551571329	-0.0059267585390826256	-0.0038096589054758645	-0.0071805101944743908	-0.1810045744005189	0.015730645484248656	-0.015068196327957233	-0.12058370451840722	0.17076088156817085	0.049715409538556764	-0.097258670065975703	-0.0040360600676933433	-0.049369887719175214	-0.21607976917776875	0.25779519378839227	0.33693307622723412	0.088489700510434893	0.12629403680629631	-0.15712808835202449	-0.20036757806071728	0.062573339143251971	-0.04850225726876109	0.3389204057496748	-0.001468617756974513	0.1377312134096291	0.19123214979161013
-0.70736300193236767	0.058997092365146005	-0.11638000705661873	-0.069572801680102048	0.11208841881244658	0.048391698842281831	-0.0085183187674006781	0.0041211534348164474	0.013419332466064277	0.018825793321032895	-0.085059585283819641	-0.053869128406126371	-0.099659235387898434	-0.10157191948806651	0.033396260938380044	0.0063002403123648349	-0.02315556223617684	-0.021621476070807579	-0.10037302854872966	-0.14998882945205594	0.27867464950234527	0.30213133357693378	0.1487225483222861	-0.082916706868326806	-0.13794946026418881	0.010992595518647213	-0.096261209014219917	-0.10566476096057668	0.3046639262286982	-0.013636236546500039	0.18213759734585239	0.18283312019203846
0.25610844676238942	-0.02136366960475234	0.042521081653257055	0.026599359954684036	-0.040429032782375487	-0.017441620648157394	0.0031367827913549463	-0.0017231342369376647	-0.0031197894121761209	0.0078688039148879316	0.20202678409607941	-0.042642980547628911	-0.15174582235009321	0.0090972872972193228	-0.28740014733091629	-0.096989060905016328	0.24483171849951768	0.0047819148557888746	-0.32629240451216879	0.24489307167938351	-0.047538721973462199	0.0018896018746395128	0.07016891456854743	-0.36199299332160723	0.033273384766368451	0.40132622288012676	-0.28787620467865455	-0.17779385698333575	0.22631307756311353	-0.0076105076042093291	0.22160887307232874	0.17318965346961365
-0.001683350612984247	-0.0038739160895406672	0.0026402668900866138	-0.0044966255877974945	0.0082985213322032212	-0.00078883539386865415	0.0047738486407730655	-0.0039074142018876434	0.0038709238881237582	-0.42824561770037056	0.058588819711688049	-0.13441285821010746	0.18649340779583445	-0.37769360814106678	-0.24497161348235208	0.047223624119675831	-0.17522825712442225	-0.0095357771428210402	-0.044408601548166601	0.087152638517473804	-0.12607091092863904	0.16609129076833321	0.38448161442600648	-0.092184093667215625	0.11147071525493719	0.064821528486467384	0.20794714650167659	0.11198379934963433	0.0059804424361512825	-0.045974157028629559	-0.43794388702345383	0.22077881278289885
0.023815668517668271	0.02178211938721384	-0.029247824610312657	-0.055034529764250856	0.0038492008598057237	0.15292974347634086	0.088065955072936838	-0.0036013281854514329	-0.068134904685420786	0.52585413214347598	-0.030876897299165602	-0.049312329261352338	0.15978451116683415	-0.10777890555005055	0.27963084241502767	-0.36366856687823329	0.39596665424977495	-0.08427783595402244	0.047040547138937093	-0.013225409605557381	0.021625568268822431	0.08530002394557476	0.090936238880618456	-0.043099709932394904	0.08874940166148293	0.15537525502543623	0.21889651767232288	-0.03654760100843623	-0.042601997976956026	-0.078216303381270585	-0.31816531288690342	0.23911406444284525
-0.071908773201351597	-0.055538892651754129	0.085009438292355868	0.19769970700260975	-0.047110637333755381	-0.50460285245448011	-0.30890261462878732	0.033178964330648132	0.20775299812374501	-0.027687611092633832	-0.041692784004569043	0.22123322119277858	-0.11695817915540677	-0.16316506440224199	-0.093093035407458627	-0.079541920380180167	-0.010552792549012738	-0.014644902414412613	0.076923788438925125	-0.012399934131265285	0.27059520978169799	-0.06828540616030955	-0.40670630168857674	-0.0039518344358257769	-0.04351405566803497	0.17681564125013088	0.12772763926746203	-0.13536230351876186	-0.084472970998193772	-0.11739106214249655	-0.20120441267153444	0.25151694202039171
0.052519200770413943	0.025529646162285927	-0.060681139052670655	-0.26001889128642797	-0.014389558418384865	0.43192868567211995	0.34809850412229726	-0.17618290160227842	-0.28077289697353719	-0.15910842529696284	-0.036222370287693255	0.17674456716639661	-0.20149431957036013	-0.10966080961967017	-0.17113977595728902	0.014908285143308516	-0.11949625737694275	-0.026430884144866381	0.11141977751049127	0.016060416036563347	0.14413566076558476	-0.10498322551271401	-0.34004916315230072	0.054405845264714821	-0.13026869243002023	0.034771001952786817	-0.0069734011864541218	-0.24805911141001022	-0.12364520799508824	-0.132474024547165	-0.096168413596053132	0.25998528102213903
0.055298376944263733	0.090084689254882028	-0.070772094630502574	0.2160176791689441	0.21030161491678576	0.2024085125782025	-0.14970302112208392	0.45744766187434699	0.26321963040681762	0.0044797751729821729	-0.050305108574436617	-0.1130284969813887	-0.14786260069089652	0.026249232639064077	-0.023820572035922	-0.037124574996542037	-0.0017487240482629064	-0.099898571495889321	0.14943300623940026	0.06494273649508564	-0.2644328540608879	-0.052613720613124783	0.15250064329132368	0.12624084595118401	-0.18045566014483774	-0.22814185602129602	-0.17165616059211625	-0.36886525718346375	-0.16001099529086787	-0.12898930224713392	-0.0024313827695791441	0.26528424072589218
-0.056066309356041615	-0.090203243133045008	0.12632201398280252	-0.27986683792675632	-0.14101578008406157	-0.41627940996915519	-0.034295902466537187	-0.47119502148961767	-0.12811760042323431	0.060421489128446949	0.033836488355206709	-0.16167414761030771	-0.078040973049174914	0.063932797928712079	-0.0055027895526369146	-0.030525208377051045	0.043348322262096783	-0.027616789513541653	0.16959161742114934	-0.029907416535073925	-0.27046193732704293	0.00062454567216038671	0.20431207779158747	0.10517491975411135	0.066033659279661552	-0.25597920091508058	-0.19221690799463118	-0.21969881199704072	-0.12027302835528432	-0.1163403225073676	0.083884048909572476	0.26680223092310812
-0.083703411971589828	-0.063985605740463608	-0.077562178767955861	0.48310635953389958	-0.27355733256577103	0.07016435426188275	0.20056987266371354	0.13261308917613879	-0.1593443291004818	-0.009306254775535646	0.16759269137157781	-0.027505104388595131	-0.0019570067112126208	0.026449966547922227	-0.084669056887747729	0.018538852182320539	0.031761385621144014	0.15330252213235956	0.17616901960303066	-0.23188545628242635	0.028931896128199602	0.053309667531846433	-0.079852270263551878	0.013986443320235837	0.53303665409007295	-0.10472898403576669	-0.10299150681900582	0.13135048317463993	-0.023452091305104884	-0.096943035443226716	0.16271477960744377	0.26539676424616221
0.12813358456195298	0.11928957309996248	0.039180281456409977	-0.46678853965414252	0.40083192660480305	0.10071563138314765	-0.23275110409507585	0.04871135947924838	0.25575106901729378	-0.003682672883816537	0.078667469150311503	0.046512248153028922	0.082813815698797033	0.081705663169388099	-0.081747891031297731	-0.022814912377904527	-0.07310187999064989	-0.071712290583985316	0.096804350918947041	-0.1566463126111422	0.075736670216747695	0.047418313911390862	-0.10365340342724852	-0.012170332768468066	0.39410725991172951	0.044701701934008339	-0.0046994555307627583	0.28133357090413386	-0.054128616772568298	-0.064678306423051724	0.23005910049299658	0.26125830141429712
-0.046617272287796406	-0.043443499588108184	-0.014642406726846413	0.16885580414551712	-0.14625122604639973	-0.03671397535005743	0.084623191178964233	-0.017802992925382198	-0.094223608958600089	-0.0071141315163196764	-0.18174667152621679	0.077345749089141547	0.17421946504566105	0.2088437715050156	-0.016041812545000176	-0.13402169615554771	-0.24645619945948866	-0.60192210092742382	-0.046805271371881209	0.12905062978028534	-0.071228193884470131	-0.0029437185753400786	0.071346137374815627	0.011782901619090158	-0.20440247970020856	0.19039864659684677	0.098780126176313932	0.27510481413717647	-0.18157489152263601	-0.023155050077359626	0.28742626198017351	0.25508563530851847
-2.4508465479837214e-05	2.3211640080399763e-05	2.8338319659688204e-05	-0.00010552688966804657	8.2737784791779703e-05	-3.6824671570471215e-05	7.9249767032391866e-05	0.0002492524096552406	-0.00035037668539853617	-0.0065757911559310919	1.1289478168778627e-05	-0.035458877968338701	-0.034428736393834321	-0.21087025571869472	0.24967759819247629	0.19009158319931743	0.059279609072102044	0.51954249083224924	0.27851546468181976	0.19980913531895367	-0.08247435529772576	-0.040548423636473666	0.080965144533630073	-0.039976754402513075	-0.31118335858378937	0.25816644137818706	0.11841113465302898	0.25333789334282936	-0.19029617095198245	0.021338591267189188	0.32888742828103018	0.24600811979161394
4.7328883925859236e-05	-0.00018605145290869889	0.00017911910968861457	2.0420625977576233e-05	-6.7043282132444443e-05	0.00019903190830955567	-0.0005067789416304309	3.5696829026983413e-05	-0.00054471753135932103	0.011015843458025625	0.014771395762896832	-0.011914314237862569	-0.040486417772314709	0.038230511460732648	0.025251719586152119	-0.43457849890049927	-0.26203338810402149	0.23022899279767889	-0.055956003218454023	0.26601558875902781	0.24063154791190511	-0.087056075670898722	0.16589316744754698	0.54026592895898751	0.044641323084281745	0.15100925732851433	-0.37909700407930269	0.17266034975850622	0.077002705281887435	-0.083172179534733437	-0.12355239058752755	-0.0057984993494398299
-0.002591364463912213	-0.0098389093502763945	0.012242851243831466	-0.040848401921082314	-0.0085440582508671918	-0.014087142573470116	-0.083628705400142125	0.090147673627276673	-0.14527533078852758	-0.0110275820185314	-0.015182267590793108	-0.0021917725890351009	0.037903448595593831	-0.091098022642555704	-0.057514697546918403	0.53283825082244618	0.44044930367325785	-0.30416531895711973	0.13638399401657034	-0.00056342218515678362	0.08277507310553614	-0.080912895392231954	0.048225326651721169	0.3696506274669471	-0.042879662521072455	0.18711003440998028	-0.25476347163563062	0.18496807349567645	0.14187307388367523	-0.18746675682922917	-0.12403287581110618	-0.012767886728895138
0.008449703800163735	0.033584167491053175	-0.041634769784119591	0.13645317237259752	0.02944182534607619	0.045923256436367632	0.28283161336202151	-0.30171203596258811	0.48870373139978696	-0.023514308412510211	0.003915146651460949	0.018214862575332842	-0.015943198747104804	0.025503163615848003	0.034850648900689875	-0.03518152499948022	-0.03080663949148664	0.043731396575802807	-0.042356354005430752	-0.45129657902240083	-0.33037552661819153	-0.065279045531205532	-0.071216432032627994	0.041110569874763504	-0.18641150247355456	0.23649545262504881	-0.12243382889768767	0.13774368544436211	0.16429266993366187	-0.26129822918366508	-0.11300879438501776	-0.013489795268346672
-0.010724046907872303	-0.032721283503855142	0.040714709596076537	-0.21136166814829013	-0.051499765840935845	-0.12737539117803676	-0.17668945644005951	0.41442245481489048	-0.48240589502767039	0.0039860634726150068	0.0089872210220041382	-0.0034520618096757546	-0.011158604178518317	0.030804056998408925	0.027087383164780262	-0.176533766709561	-0.14475775237267735	0.1172680260359884	-0.052292039057462276	-0.29534869897038302	-0.29414753759739592	-0.02392086188855003	-0.13633155702599628	-0.16858629883840126	-0.1983620327073834	0.027073841048008421	-0.10021169783881127	0.18143999341408437	0.14832084883202701	-0.30141879998478477	-0.10044097129817636	-0.0093311633787184871
0.0077443928686719747	-0.0039305600037205617	0.0043774025724997263	0.25401720635060593	0.074193655130060474	0.27819948777522768	-0.36850393555606048	-0.38029609012950644	-0.030488152352469391	0.10181390565722681	-0.024327667416286988	-0.07051949007297327	0.045071511644738445	-0.041756287924789512	-0.046126405302282583	-0.015550370573744896	-0.0026080108097143013	-0.0034513018483274295	0.057734495225440233	0.27416077389027588	0.052690397848197165	0.032571549112942286	-0.16002747558117017	-0.28264441166703258	-0.11771471770748534	-0.34993109863259858	-0.15615864456214715	0.28610839440979924	0.1066787932661892	-0.31559412448298879	-0.087576701361729375	-0.0020290315753395166
0.0088476218282121898	0.034796689953837008	-0.023876893597061483	-0.14951693912206657	0.071988620119538702	-0.32618622834936023	0.56755113018783998	0.24866453814928083	0.19009980948836713	0.081752376500029603	-0.0062559285366304345	0.061889534621535562	-0.059313842388395425	0.081552413228253143	-0.0071444612346700269	0.073243123833471355	0.021335785984290288	-0.010722392542040885	0.062535388722742419	0.32540234274580515	0.15146707237373938	-0.011604310948281186	0.022993914621411888	-0.22811317744219392	-0.016107225078181443	-0.29515844287564824	-0.013136824531335039	0.18891091540830204	0.085722043462038863	-0.30951652874882862	-0.074645935521413992	0.0038107179799867327
-0.042356593058890182	-0.049570743545296274	0.00031231656090851797	-0.16171001389119724	-0.47432689906820141	0.21894033356180337	-0.24618989033134195	0.027572697423633195	0.17967766222315085	-0.040871798515815648	0.026269966176805125	0.29239116790196507	-0.26300200940770901	0.32870825372689849	0.1042497462195692	0.11018500960394184	-0.032249317545035128	0.057261400654040943	-0.0035884403486471541	0.026848308016904198	0.078809217218474073	-0.12147204958000143	0.33501858094732895	-0.062829284675640765	0.094689931187358939	0.04658997537951165	0.25612960074124386	-0.039075039516838023	0.079601240194880504	-0.29014843562830045	-0.062290706411703187	0.0083720340165750629
0.049802362365948212	0.046145281799304945	0.011706184585145314	0.28191405953110721	0.57630432995868186	-0.11905048527520314	0.037208221443508403	-0.16166888458457079	-0.32242473006644251	-0.049382019096531095	-0.019867587670076209	-0.0031368297258317387	-0.16053152533134818	0.36324582356511986	0.10342720183336529	0.13983980867684156	-0.05568839338540444	0.092821644371891887	-0.096438251189185212	-0.0080504792776621131	0.046939632778472906	-0.0084374435846447764	0.15947655749741768	0.047068125219191771	0.1001798905660419	0.16937786949714226	0.26778241235706651	-0.12307434389335785	0.0071299276647737095	-0.26081979967683783	-0.047858780053842712	0.015261814949139325
-0.018585398322989985	-0.018984269901103017	-0.0033299084162180057	-0.11026396708246135	-0.21791690888256304	0.043686311532485762	-0.0096158672539846599	0.064292610156259117	0.12037532871084328	-0.026744353164366932	-0.11744041968436036	-0.64858246854940405	0.13969694459716062	0.25393610720538201	0.026856623370112548	0.16369514290722204	-0.058346769710864575	0.10478420985145614	-0.20227616128680817	0.13535783878011431	0.043684553985703083	0.24940616238819382	-0.33666229591925934	0.11583778426239243	0.035063020878858375	0.14048633844430281	0.10606735334790512	-0.1073641312478489	-0.10697466758228176	-0.22591812867609395	-0.032568610256972073	0.023451328135129894
-0.00049780311395161269	0.0010839182944681071	-0.00058363238523300982	0.0046212152430083831	-0.00017837112260812922	0.00010142392639052124	-0.0055258769425666982	-0.00022293933758877067	0.0044618175779518746	0.030594987165064702	0.49257561938196309	0.3172982440804602	0.52646764004667657	0.058231010309874293	0.19280393302521756	0.17304004786176433	-0.11186187828463985	0.06014660103642544	-0.18247862776821949	-0.028882240129276596	0.11594988664887605	0.1825834082704515	0.031732113040047548	-0.021098880617159626	-0.14305951658020299	-0.016901138759896798	-0.2195807296535858	-0.21457792582357194	-0.25337329259435271	-0.1697360935616089	-0.019113124088349434	0.033539618993624412
0.00031344773170449887	0.00018234623116920629	-0.001164967622890432	-0.0053048154864646594	-0.0010111386538364478	-0.00010516740770329184	0.0020951202461027656	-7.0324580459158264e-05	-0.0046422975375911401	-0.039297243351192349	-0.6908114648547532	0.18242422261090768	0.15256499133126022	-0.12333032856682259	0.086384853376325413	0.10352363716011784	0.069445943289950782	0.16892703230854061	-0.36571824101532036	-0.067123653523865789	0.009729531541663991	-0.14972613924165948	0.092062501222824111	-0.13980831229678001	0.21434491485508725	-0.023004305566721932	-0.27079720719533856	-0.037179956980930441	-0.27606853282311056	-0.099247732486632059	0.0080530710044959281	0.042070714508668436
-0.00013579987390345419	-0.00019690186050781762	0.00080177743542419989	0.0027146096711555801	4.7283542201200117e-05	0.0003535802944563864	0.00029333230729838112	-0.00041291968957014391	0.002132463668239977	0.03390739660862295	0.30765585117518129	-0.15582069408126345	-0.44956411929365747	-0.32294402195369204	0.27771596990608965	0.059280703531907938	-0.019393649858226395	-0.17734703687321557	-0.52353275161689394	-0.078074446671302339	0.039481351887237018	-0.13445835640614223	-0.015138783964808049	0.083215332882399615	0.020752884591111968	-0.15809533585585986	0.056992145640811481	0.20902629307457676	-0.27474143261204137	-0.050876663606282381	0.037634388434409229	0.047004026102838714
3.0349480523448157e-05	0.00010644665862993004	-0.00013352496400866623	0.00018733687155114226	3.8443054795405515e-05	-6.1914534084985917e-05	-0.00010452282510901819	0.00014387236563271914	0.00085632068786171316	0.002740269616974246	0.024082949630302341	0.01078153849340675	0.054281182537097725	0.19452381449090023	-0.5538862821676378	-0.15238105345902728	0.36969405323200777	0.21688569444603178	-0.20435039311441874	-0.21900767587220796	0.17521331387027328	0.026887944161946981	0.12709345590669913	0.15890269015623865	-0.31326197554345292	-0.21314327315647835	0.1864670250159628	0.18180291532658599	-0.25583409283043135	-0.01677252670569836	0.054027744172308878	0.046911349407237055
END_OF_FILE
