OUTPUT_MEANS
32
1.0072339024390244
0.97161804878048785
0.93885524390243902
0.90944670731707311
0.88339336585365869
0.85900002439024392
0.83626673170731702
0.81521739024390238
0.79585219512195138
1.3283190243902441
1.30783
1.2894614634146342
1.2725521951219512
1.2571025853658535
1.2436468780487806
1.2321856829268292
1.2200126341463415
1.2071281463414634
1.1966528536585366
1.1801680487804878
1.1973056097560975
1.2181304878048782
1.2411680487804877
1.2664163414634146
1.2924299999999997
1.3192080487804878
1.3460207317073172
1.3728685365853659
1.4091470731707316
1.4563682926829269
1.4990714634146343
1.5250453658536585
OUTPUT_UNCERTAINTY_SCALES
32
0.0067632656509553591
0.0072803922495082562
0.0078274845079138594
0.0084525428629834577
0.0091554776132205321
0.0099103989476530818
0.010717737704109406
0.011619248439575855
0.012615031414747877
0.0084854450585421723
0.009324046332290099
0.010228190782812924
0.011217118109435714
0.012291019982643803
0.013467229683036645
0.014746717983184597
0.01612803023978002
0.017612761337009137
0.019277105445768293
0.0060887335704282938
0.006442301702457979
0.0071845520982343628
0.0081177041379010134
0.009241698045730452
0.01056564162374765
0.012089627757663307
0.013815797855844799
0.015744049896626901
0.019064242473739605
0.024442731675678449
0.03107619409319886
0.037020384511137414
OUTPUT_PCA_EIGENVALUES
32
1.4877226289970912e-10
2.9351071876469706e-10
2.1514301286037148e-09
6.6947115476326285e-09
1.2248744773110491e-08
2.0453603120439702e-08
2.6601128072285311e-08
3.3271411053153484e-08
6.4275131465666802e-08
1.5248175683805992e-05
7.2304838303843312e-05
0.00019459760814871983
0.0007021644957567691
0.0032311296412824691
0.0060980472490504509
0.007607331031406905
0.015368456047542885
0.026970438100233193
0.056151399513648476
0.1617881770739141
0.21291673355363269
0.28688018253439185
0.37864782346484971
0.40052559567344409
0.46867092370040891
0.63175699973262645
0.79115025470622979
1.1758959487596272
1.7590275138578069
10.998850544174919
116.48817911850071
1984.4220500979443
OUTPUT_PCA_EIGENVECTORS
32 32
-0.0012136616517196054	0.0021615065157124138	-0.00086978943011602281	0.0024715368313245225	-0.0091498312044667098	0.0030040092019195659	-0.00049663160601352992	0.00019225507918167327	-0.0023771626415238487	0.44485691928009802	-0.063523036214430409	0.16432166263155787	-0.20720751726575776	0.19963877573901875	-0.12414842724389015	0.30397411712164046	-0.28646959636468855	0.077351083229598466	-0.084951378093213625	0.011721968246758882	-0.12501970279116886	0.029751898752147624	-0.20422156491248886	0.30692282444381397	-0.15600786107211309	0.0230485646163427	-0.16300223402580563	0.037231899291129127	-0.091707878542473337	0.33935717232668311	-0.34089284441628731	0.19979398846396407
0.0035361439908491751	0.12640890314011755	0.14036124195997343	0.055178320474488729	-0.022866980253787188	0.020814426144989042	0.034678436714346332	0.037305667869260206	-0.010019866658470919	-0.51782996853868102	-0.015270224914895604	0.060423896793719678	-0.11564358700486216	0.34354199474825675	0.36551772296713347	-0.16456843818045824	0.32289782761233549	-0.013094971501783957	-0.032174821658650987	0.012806658472529413	0.072950458983973787	-0.056358639707989294	-0.10978766612082354	0.06484762910701479	-0.11811961703983383	0.14679851331577401	-0.20021559569766154	0.062139497879627463	-0.042727646623754237	0.28036465555815221	-0.24483138951958847	0.20805411933483006
-0.0068725935508575364	-0.41726530322265076	-0.45022565871779446	-0.18792072917426095	0.11002656488497138	-0.078217768027015855	-0.1132138361971832	-0.12171714107808997	0.039107777236751969	0.0099932095820370707	0.077535850357702385	-0.24577213079801549	0.070856249780876027	0.14429704439350993	0.086323487909774038	0.055339061074379879	-0.1229681075990726	0.028514914634459713	0.013457692206592544	0.1310084847228789	0.24681764421999652	-0.16514158442534851	0.31011375156711268	-0.27954364032798062	0.057989485932161529	0.023378396732548223	-0.12032465643213872	0.071853712958636864	0.090616933160470911	0.20544015109057112	-0.1557493033868641	0.2087047031651072
-0.048446705268230049	0.53959884920491841	0.29827286729036045	0.20594899651633777	-0.15721126639692881	0.067421368903317666	0.11367510164382845	0.12810152169671377	-0.043931362635780062	0.14186033311220159	0.094608881722234167	-0.20246773196127357	0.16301301923465503	0.048890304467334819	-0.021734155161204034	0.11330531840709104	-0.19809718065664653	0.049130296549569977	-0.067097208828789501	0.022838884104547198	0.10889439151284577	-0.14924858900525556	0.24972569302369141	-0.36244196724787525	0.14131374534193891	0.008577394948745173	0.023021502355279336	0.088208414162548959	0.17825197869511816	0.143807266687279	-0.06526796312581068	0.20647206155497638
0.17639888410814203	-0.44811182343368727	0.43556830446752798	-0.084121687125736241	0.15579813318430696	0.023904184658223776	-0.016067304349345422	-0.038362436139775045	0.021461255225732959	-0.00022505872337485669	0.05153330124458913	0.12262690280954365	0.18588063991919515	0.035803943851114392	0.0097365030832708994	0.042374787242884515	0.024494638485851844	0.052313320974988795	-0.2460009450202833	-0.26280008964174734	-0.27340142629279951	-0.034585820448776831	-0.19112630465108904	-0.23524722475316875	0.14873488297958407	0.080258236133456715	0.21347671265187132	0.10942735063719466	0.22737948880226364	0.094356433514980714	0.024014531516165748	0.2020090491554303
0.008520149676876974	0.33155523854398072	-0.64203109740051845	0.0025287274488702267	-0.083930380422269385	-0.041779816322040884	-0.037573958413206557	-0.0053928806949555541	-0.00085639381004995105	-0.05292413294939196	-0.043809295221695625	0.16599870863778141	0.12482470374636409	-0.029465362192677556	0.080689256341490156	0.017898068706843767	0.052091524241324877	0.030002018882319032	-0.22530405015239094	-0.15538318017764219	-0.21396730810458076	0.05018178168022281	-0.2475593388928235	0.012442491357329329	0.18201332620634036	0.12302231115738463	0.2143380150992055	0.051704171484546084	0.27805537751394899	0.048636997311796132	0.091643680377819586	0.19693630079237617
-0.58549757248957213	-0.18342980202799472	0.17713909454997637	0.026605090586116605	-0.075902664110402168	-0.032870476685161867	0.033936229196378696	-0.0054301493333976285	-0.013402932300933614	7.4018002991561217e-05	-0.17998122162701324	-0.012834503653636115	-0.0004542570845259307	-0.13661886560717759	0.1817682715932489	0.03138689777562613	-0.074375080924516432	-0.012122706746825217	-0.047539229488491597	0.26043924370119187	0.19284257849046371	0.11014177816238063	6.3110455045666049e-05	0.35148873569999428	0.23505513664672054	0.14219724611603238	0.065700625467590451	-0.067456889816947571	0.32925128206395848	0.0065228832247243747	0.14120677221773786	0.19144847761393838
0.71072538360770288	0.076619839296862183	0.06515168239271435	-0.029348384257629957	0.12972174548717369	0.060037997171653562	-0.022307259457014152	0.0072694265313637757	0.014027692574812324	0.021272387475501576	-0.087897118245256214	-0.056732648278008474	-0.095983501501309243	-0.10832578413289699	0.037663694845355547	0.0078275345934871142	-0.009583405340429894	-0.043971168699773161	-0.11288281811003797	0.19766037177854845	0.25080063756708376	0.069591256973188367	0.10414673831618074	0.29954873437834578	0.014373871495314697	-0.0015927552746722855	-0.098840976069978451	-0.15999962526037889	0.32106449542144633	-0.01313646024503045	0.18507843122583764	0.18342348424292834
-0.2573810728102468	-0.027224989891348205	-0.023251988500835836	0.008497249470095827	-0.047462134507032967	-0.022659991630932279	0.0066773080421914386	-0.0021048883439227714	-0.0036838324148556027	0.0017686034206033303	0.18153366381884287	0.0098010125101516462	-0.16601458864743715	0.025216096701291688	-0.29575255635135134	-0.044205593843541897	0.20422999360807897	-0.067121664709333298	-0.36770194338365425	-0.2397141497503617	0.03336567650828353	-0.049055969283593466	0.093171905092622145	-0.058434395250700134	-0.41640944325166851	-0.27016805156654816	-0.27215932053073372	-0.22951845576948279	0.26639243015591052	-0.014724899490055898	0.22349516186982185	0.17358326608410968
0.0011562760813199988	-0.0018616545019125674	0.00091372594926287176	-0.002988131375811907	0.0087151896291269536	-0.0031663524105000193	-2.7810881745285587e-05	1.5513607297285352e-05	0.0028168338097920458	-0.43917994024244628	0.068469087794356842	-0.13360390683365767	0.17691460331970421	-0.35946849365363515	-0.26887280583606948	0.075979744108320202	-0.15897557685714075	-0.024191284187182742	-0.0061505852105197545	-0.099100111795177817	-0.15335642338267941	0.15744259012609479	0.25986516063470677	0.28063432459872584	-0.17138823641855541	-0.065848801651627362	0.16549536802493073	0.10816370150201576	0.0051904065429658692	-0.061343007518276212	-0.43615595780738303	0.22082475882857927
-0.011800457296002926	0.01650646286740429	0.0057318990807109782	0.093167259849763484	0.028932498223704643	0.050603352451550863	-0.10591982324597583	-0.12201408148910163	-0.05921228874858931	0.51766008805563246	0.0094684157304840404	-0.085291560212970907	0.13846747927466266	-0.11968664828307481	0.23800881491781486	-0.34314414695714224	0.44760966831988275	-0.079783954297074022	0.025440330085562866	0.0084436458503708567	0.0095196960952409863	0.082749730237752964	0.078992277411232895	0.050286588796720155	-0.11969649606231506	-0.14600586157942277	0.21761060464947779	-0.0053650852695375541	-0.039801558262679136	-0.096468286180935822	-0.31672018121437268	0.23928916571915573
0.034432240268576768	-0.045800837004550676	-0.021671237243934893	-0.29367880015062808	-0.13086509499260918	-0.15440464475586463	0.35213050919265637	0.4024638596827258	0.18605237966059032	-0.0093039701925678817	-0.085065806985444331	0.22671741405574627	-0.083488958792776069	-0.16474510765922887	-0.1064539807115117	-0.05765016987294283	0.0096978192374445587	-0.016023846993555749	0.089375091555896916	0.063362478022755755	0.32825458740814006	-0.15417334616188555	-0.27215326617764235	-0.19577461537955596	0.0077730696687752666	-0.14492051636881542	0.14595545246509722	-0.1210680079838725	-0.06048910505603091	-0.14241507466852313	-0.20029985516333498	0.25219230147925553
-0.015154741941243674	0.035070781450617615	0.027329843804430962	0.32086161687508069	0.12863969060727648	0.0013293373251195904	-0.34290357598174565	-0.39030477416589343	-0.3141627906936908	-0.14981975080800161	-0.085044021869768491	0.1964238213845397	-0.16912842205895712	-0.10288896472586682	-0.17846772817252332	0.031207224399938581	-0.10715829507289834	-0.015793955879566647	0.13167832965524717	0.028834956891088653	0.17681762211598873	-0.19339870958508873	-0.21910871868582474	-0.19686719175671727	0.12130883430874392	-0.025706105009243647	0.03322631188475042	-0.24907529640076673	-0.087629533357886466	-0.14728855623672205	-0.092014734367456871	0.26019593201775881
-0.058080063926122132	0.027564816502818966	-0.021003162515163019	-0.11373757369051432	0.0083485108914818761	0.49151205503890261	-0.0016985865653280073	-0.0053122743863998666	0.43592415684947877	0.0094124736018740031	-0.048459510626854489	-0.10595980446627709	-0.15589450063274446	0.040758513954736633	-0.040489373402596771	-0.032196296006681897	0.0209722060587854	-0.063455913532223157	0.1571176415128589	-0.073068029168463125	-0.32886824349370192	-0.08177508524127293	0.1392341387407858	-0.01242871123888183	0.22190288539801203	0.18078738755531157	-0.1081287315634693	-0.38370876167505069	-0.11919922772970046	-0.12090730632536947	0.0078386847859352061	0.26430822559670991
0.037969963093006535	-0.0094547681878874735	0.0083848991243956304	0.011800958002194007	0.11409824845927212	-0.58568384178893163	0.1470361290205843	0.21397857542558232	-0.33704004614825633	0.052901415177375059	0.046630140677055315	-0.1491941095667329	-0.09823292530528166	0.0799584680187201	-0.018002199738836613	-0.023142236481433751	0.062677955989624945	0.012765424138901301	0.15794896718499718	-0.020691099116105127	-0.3321997238352401	0.16749789950434357	0.14719679160928925	-0.019314104682601418	0.14352582065597275	0.19154500476432448	-0.14129761285383532	-0.21643596170525242	-0.11617722453120191	-0.10252904339255291	0.091925494803113392	0.26570741277950377
0.10393291656795015	-0.11618873780640764	0.010668983034688169	-0.05232585463311603	-0.5731592550853376	0.15131011437742053	-0.026324429654253297	-0.17612120453941044	-0.051684843088504712	-0.017881396013206211	0.1718210136039694	-0.0024748774108123168	-0.010716466457191919	0.040722530452532504	-0.082759786199634131	0.039365713626138735	0.037065126721029122	0.18193092789898671	0.14030599757951215	0.14775471276544655	0.046285765535659745	0.51685771524917801	-0.1118700734164776	-0.17186705262593599	-0.069556604329603908	0.053271979731689248	-0.091495449290596997	0.17711819424593697	-0.086828932506606823	-0.090584808406383444	0.16224701744008579	0.26499445527392324
-0.14527842463582391	0.14835088154453835	-0.015902500029556094	0.055050906599940774	0.65367244260058566	0.075311232272683742	-0.036137384541323099	0.12251447753971066	0.21729225547734887	-0.0039232095992884908	0.080223749507010222	0.048859118680693946	0.085933135685407031	0.083673337122148042	-0.0682611083677091	-0.022442949330418793	-0.073280680322402481	-0.055363460846102948	0.11840453092547404	0.11505397427576253	0.10537284796072605	0.32841655489644933	-0.13035454283438408	-0.090397863510643411	-0.12962513099386708	-0.05721185391130635	-0.035618359608878297	0.30455435780522505	-0.10717919657178522	-0.060073042053436707	0.22682199494658944	0.26127522118021795
0.052995250416696567	-0.054386177328473916	0.0055728909694705113	-0.01829777476783364	-0.2375120526770533	-0.02672956418628996	0.014281613168288633	-0.045033522578946029	-0.079996440515831074	0.0010600286335502281	-0.1707493230923062	0.032239499978111874	0.19051350367952927	0.19153595361555001	0.0061111614128446868	-0.17907256185150039	-0.24602747866600724	-0.5986823991726129	0.093681231202947329	-0.071234332769263997	-0.080891681786360789	-0.26758454513443874	0.035085874229752255	0.168494131917509	-0.071863212718671521	-0.14474814211481979	0.023977494051295421	0.22611139395237628	-0.16522447440079013	-0.015910833767882368	0.28585408316321115	0.25530175904571922
5.1863553549870283e-05	-9.225067409250811e-05	-0.00012138302115050112	0.00025585730287128004	3.1566656151413309e-05	0.00023958116529437877	0.00020735881747055378	-1.0769486087670389e-05	-0.00027574538285586331	-0.0091668075251602234	0.0013239419726535893	-0.035039481935341163	-0.044105386733407151	-0.21230507004040969	0.21937752430705007	0.17888946949397302	0.09355023827536274	0.55953540018139392	0.19635404308898127	-0.13082669994049198	-0.060640419573543998	-0.4073628870713672	0.062722052460728275	0.18899581499066742	-0.12285456971617388	-0.18852221700983202	0.044530496617236209	0.18741482127291204	-0.16878978523014682	0.027673412682540269	0.32720376628450931	0.24637967695024582
-5.0035802583361584e-05	-0.00033227041030730784	-0.0001877104038761844	0.00012670337521769734	-7.9340139455925384e-06	0.00029681701001433691	-0.00015289997213913892	0.00033821863969591591	-0.00063313016306219903	0.0099707015361437269	0.0086177681025288392	-0.010095307150514364	-0.041780190608248918	-0.0062659597967257641	0.0023818208208940799	-0.45469424673594355	-0.22142875741902748	0.22262726398012458	-0.082319559542826104	-0.30570972801501672	0.069784587422071137	0.10104980684297581	-0.046269155289221563	0.12584513570855574	0.47037500421009898	-0.34450904066821325	-0.40639962052070927	0.17248164632840204	0.01111769340236668	-0.089698401821411311	-0.12751321920557909	-0.004493138183625893
0.0044871568231799235	-0.050421335163015668	-0.039835264203065886	0.070435054800286126	0.017776172948454311	0.10094516479734005	0.082490225467585873	0.058876612925950568	-0.092060848062200065	-0.0083191077397025189	-0.003768496010727318	0.00070312323098403989	0.047352025496654793	-0.017158379031658434	0.015569777368361499	0.5825213668577901	0.40102050133338774	-0.28199902995800574	0.12045345530944966	-0.003569757342130055	-0.041849098975538873	-0.018397220897666492	-0.046240437958786851	0.017608920911181151	0.30115791135651926	-0.29050539906710598	-0.2900286815152191	0.20190402059228674	0.10997470771576498	-0.18175717883580914	-0.12165945476930637	-0.011836530618596417
-0.014790881532513777	0.17023928835113469	0.13426646618492127	-0.23666682270909842	-0.059219952034873798	-0.33936852144352914	-0.27523846924266654	-0.19869433068565087	0.31113937705022948	-0.028171935330476572	-0.0080500598461575971	0.021354746963746649	-0.024053196644567312	0.019935682204538986	0.02543314911108142	-0.051202670306164655	-0.026869317185015871	0.051647372436862883	-0.061498124636883554	0.46465908428704716	-0.34610227999203241	-0.17681335266749326	-0.075723175875893778	-0.073428999829480743	-0.062906426176891045	-0.14946533081490304	-0.14962042956811769	0.13723883133723436	0.18537866923610538	-0.25006780879851614	-0.10306141021053376	-0.013674890621256309
0.024164433009409354	-0.18134291233427963	-0.14707780055957823	0.30001700444705792	0.073271000774369183	0.31568846445501891	0.41373614781667595	0.095871122915111059	-0.26738162848165276	0.0092199086663998456	0.01221123390022384	-0.0061614241761897724	-0.019676171235952881	0.0099206888820010802	-0.0060776083135526873	-0.20019766311480999	-0.12372480486693457	0.11956516570187999	-0.056742677445930395	0.32228907956957775	-0.23556693505655041	-0.20810665531314712	-0.087576672983861834	-0.048338321139642891	-0.18626444344790175	0.12123131604621186	-0.1288419492627183	0.14427262864521856	0.18353074128900981	-0.28893061457190738	-0.086908028183114147	-0.010078492364720212
-0.031857932508180226	0.034317452503504153	0.040899765964234183	-0.2121241220987749	-0.047538613442742433	0.086854180520161431	-0.46933973212090463	0.35473743208157382	-0.15600559728649249	0.09960325994275343	-0.012892891012413485	-0.078249888736086834	0.041038134622689314	-0.034521755181903507	-0.06204185715700105	-0.006739285387388271	0.016408280277820899	0.00010092975448280313	0.079242145307887951	-0.23696199689083886	0.1575677541548402	-0.14925577319303529	-0.086991631448168044	0.056092160569854603	-0.13473297618994423	0.46574872795474753	-0.19277378856118518	0.20100641584174805	0.12798766569869624	-0.30488659608044094	-0.073443565092765867	-0.0029203303431414038
0.0096914798511024067	0.085162959329999233	0.030190427658923148	-0.0075315152762860322	0.053033636395591478	-0.20750192517762639	0.41668096243700126	-0.52751302501697195	0.22502932938766007	0.082069571895685228	-0.011764728080153296	0.063819890536646121	-0.048489798658751852	0.086522782955208141	0.00060808415804579504	0.075536559524103333	0.01093799164924741	-0.0046215811441185648	0.076178178163240184	-0.31979504949683646	0.20604088845046992	-0.042171641707043697	0.084829018158464026	0.061133520657796016	-0.073042850670088449	0.33928050431547963	-0.045509347683725963	0.1615040371444677	0.095874332606328855	-0.30274357205760299	-0.062935981678757358	0.0029516239802043461
0.054052441489553488	-0.15436130912429449	-0.046654232944020893	0.4156414527946462	-0.11795239639231887	-0.093560536547330528	-0.204566911405969	0.27619335142980533	0.23345131164480276	-0.018249531261469713	-0.027118016961125656	0.32142949687077121	-0.23241924719700402	0.31290425110438103	0.13869557447587738	0.080408526712611034	-0.088863166057737808	0.066824854646872239	-0.020121557129122884	-0.079179435746813145	0.020529228601076852	0.091676255097552076	0.36256817079749548	-0.0012374881183791022	-0.0074244412727389195	-0.097070570633781703	0.23624708475298201	0.059205572040249996	0.080931955482654749	-0.28855907922281987	-0.054905262893564871	0.0076630881814277931
-0.074100078433014541	0.15635140016867433	0.045232340296299522	-0.53202517448987585	0.12720686552974647	0.22213280633917423	0.056183326197383809	-0.095399637661497366	-0.41067127117898239	-0.051392269540035708	-0.032212933618072197	0.01482723255019495	-0.1597766579557757	0.34876687108627713	0.14388739077736509	0.10283538467068322	-0.11093432547964444	0.081695810385063808	-0.11417596469940233	-0.012973332019134315	0.0034758204385881434	0.088210358982336562	0.13759288726301183	0.0206038384940943	-0.0043151236869800038	-0.21164631896507466	0.27385292200524158	-0.045777922627827948	0.0028565102000336433	-0.27015872342802744	-0.041669740628656887	0.014852842276585768
0.028063287543573415	-0.060843790123482289	-0.01784469441045362	0.20361594738268485	-0.046499741742807674	-0.085683381404066408	-0.019085294830299252	0.032354593019064987	0.15453176786470552	-0.050324630796388645	-0.028205047757632169	-0.66351599228754776	0.078468959840029939	0.25761365496062372	0.058275177605499842	0.13639844397476567	-0.07977690224972353	0.058333186454407382	-0.20176659339042258	-0.066582351454218286	0.10003256387079869	-0.0072314375427501168	-0.41616036665086165	0.097776716367931518	-0.043054397330904354	-0.10584846512350364	0.14615345617045375	-0.14854539203575509	-0.11449344393184489	-0.24965116800416651	-0.025440910750935707	0.023427727187116911
-0.00038003576640635947	0.0029735808735619085	0.0024022777591455086	-0.0062435886049514765	-0.0014432647446230257	-0.0016076848221538984	-0.0044939888531032954	0.0056418316148657286	0.0056119427346509477	0.01158198131991128	0.50859337259823612	0.3145113848589795	0.51061068076378457	0.027994868169394234	0.23812223861941401	0.11121799324464811	-0.1276149928747124	0.024968564037644914	-0.18176057025681788	0.080632200068997406	0.089856190608892175	-0.068526743446030838	0.013616228205403971	0.15411116640215844	0.018094578536810804	0.052588977210132261	-0.18491225109301646	-0.30862260060169266	-0.22354888850860466	-0.18607313259712138	-0.012456011285947954	0.033489844258657891
0.00066361999061726276	-0.0022573166202144602	-0.0019513445104601354	0.0085959909015181288	0.0014370655597385567	0.0032243121049202773	0.005727769259919701	-0.0035646981227810946	-0.0050338265504095868	-0.008299381100019116	-0.68765887005969017	0.079036358884982769	0.2294990319013063	-0.13566609570695401	0.11029585721856117	0.11128569090261324	0.0061432187454049641	0.10420396548483532	-0.38940537822510701	-0.0062429000788248555	-0.0016022937199693431	0.14328769376218106	0.15420649609933204	-0.2122597446471377	-0.11548398942466796	0.046332453194008846	-0.24732638490812761	-0.033701868028164536	-0.287014391194298	-0.10555401428834099	0.0074703270208027767	0.041408988685919232
-0.00016832888744514098	0.00060346491881129122	0.00041276290811778735	-0.0033519045680033884	-0.0014707347367549349	-0.0015766871987792999	-0.0028346160634197242	0.00075697323856754233	0.0016774445344450541	0.018342273846359999	0.2816884446808246	-0.08616799604014018	-0.49730025397154559	-0.36326274653690027	0.24337190204529516	0.048303787160082275	-0.070835977216105905	-0.25617732855978348	-0.44810907551328766	0.039983456932183033	0.003417821706499563	-0.02780264235279406	0.016002095976194754	-0.076074601252087329	0.10781420496768368	0.13830229000216526	0.041444292195934554	0.24189045653450647	-0.30891700465184024	-0.049598201153241865	0.033986328208097855	0.046195322732316656
-8.6863377069007161e-05	0.0002319106859714011	0.00020111398323207426	-0.00059536964346629229	9.9177679547958136e-05	-0.00014403276549545947	-3.5425915020828964e-05	7.2462551892539832e-05	0.00074491663967651237	0.0057323946869477695	0.013041736533316117	0.03809938362866995	0.063696130029916267	0.24375087254220482	-0.55186201639280141	-0.082008315078562558	0.34188932719693133	0.1528485458234991	-0.29816292807399791	0.23664551443373921	0.11058018193854156	-0.17828525565339801	0.13619483992099216	0.20939590958182408	0.2876654596623503	0.14698721427689429	0.14462053848389353	0.17956441727888436	-0.26372520849425574	-0.011310903193934005	0.051666292851975673	0.046580363887312348
END_OF_FILE
