OUTPUT_MEANS
32
1.0141629756097561
0.97882324390243913
0.94643039024390241
0.91732151219512204
0.89149721951219529
0.86721914634146324
0.84448707317073168
0.82343985365853645
0.80407743902439033
1.3387046341463416
1.3192265853658536
1.3015256097560974
1.2854821951219511
1.2710959999999998
1.2587837073170731
1.2485451951219513
1.237107756097561
1.2244722926829268
1.2140945609756097
1.1806304878048779
1.1974790243902438
1.2181356097560976
1.2410834146341465
1.266319756097561
1.2928002439024391
1.3205231707317073
1.3478251219512194
1.3747068292682925
1.4116480487804879
1.4607621951219512
1.5049653658536588
1.5308921951219512
OUTPUT_UNCERTAINTY_SCALES
32
0.0067821320119261638
0.0073045301068571447
0.0078577884718059026
0.0084894636778160004
0.0091994524471599916
0.009961681676708932
0.010776600471658885
0.011687663468088529
0.012694995507277863
0.0085158098558834414
0.0093637045954541673
0.010277378822372172
0.011278147003753137
0.01236624252865978
0.013561378722534878
0.014864675030516172
0.01626815015856865
0.017773296957521192
0.019461723847630601
0.00607714662619781
0.006430616014835455
0.0071726491266062217
0.0081061334088504706
0.009231010365655757
0.010558772204599463
0.012089480229577556
0.013820843069609559
0.015752780478803581
0.019083966049016122
0.02449283790025731
0.031163865447826556
0.037130469191955534
OUTPUT_PCA_EIGENVALUES
32
2.1552278332165635e-10
5.5347482020651217e-10
3.2784307340429647e-09
7.0185530320704512e-09
1.1553092013453931e-08
2.0321199107016979e-08
3.6900331729569584e-08
4.7382459389551721e-08
5.9820966481751444e-08
1.6265083459174997e-05
7.0947377015644341e-05
0.00022694802330505934
0.00068157025512595069
0.0032360422261289972
0.0047699606611750576
0.007697464112938297
0.017358509601874628
0.025627521193839892
0.057127455185584597
0.15336489923725435
0.25133014541945348
0.28443446110131404
0.34798143024871103
0.46587678832000079
0.54195063605501426
0.6318165552555941
0.77484989483149369
1.1343850727206806
1.7961816225129341
11.484192308092625
105.38469503981305
1955.0923745591092
OUTPUT_PCA_EIGENVECTORS
32 32
-0.0022923657090130369	-0.0024730872482293534	-0.0015729937748804625	-1.1969902695629829e-05	-0.010038172335443773	0.0026787207587836426	-0.0024826812442077946	0.0015156334525926775	-0.0031988620303032593	0.43767132734534098	-0.0035294198094723978	0.17362908641581198	-0.23367571141812865	0.1947024107745742	-0.19573226591513793	0.31792230813574596	-0.23365068949994591	0.051551385233180209	-0.10426887378946034	0.038790314252221472	-0.26520711471492736	0.097661256415894154	-0.12535641987132756	0.034131885247914696	-0.25977742566628448	0.076438201745470127	-0.16693519259840289	0.042313107968677828	-0.091420837705641966	0.33549359496736442	-0.34359977522673996	0.19469645344706554
-0.0031900280854942429	-0.044401610268089593	-0.19372202824138743	0.026171399200359872	-0.023956253485492837	-0.025490799525853262	-0.027955693336838613	0.0020095264889628726	0.00095924734419218581	-0.52188282293608146	0.0066085338252589651	0.027741511766979667	-0.12083507524181968	0.32370250390462241	-0.095509860530722926	-0.38418972646399152	0.34376361095977881	0.02365738930271687	-0.015415604218037594	-0.011022853412175812	0.046946106710657166	-0.015351944778115622	-0.054088444107227567	-0.015133258955395138	-0.21081604504241491	0.1391178904162173	-0.17767066500547185	0.07882267065278252	-0.049870060636873929	0.27582597640558476	-0.24856938410316415	0.20468148103308503
0.019135132578818121	0.1531742507857837	0.6320759050453495	-0.086340223642827382	0.11566499641061251	0.07513121672193171	0.096983732411003845	-0.017285505714802807	0.0087578188662146752	0.017733767086066225	0.010938702226877877	-0.24641688110278132	0.09337985314522361	0.14305623902173298	-0.14442727066368538	-0.013074017736040233	-0.09546965782469044	0.019210270588675474	0.017099994238046111	0.055878364669281637	0.42941475935455048	-0.090628585343317525	0.26798882885945657	-0.076050133847209295	0.10786441962667803	-0.055867799720071804	-0.075906439390715938	0.090119373177382417	0.071522027436035529	0.21054556863616128	-0.15769992000350097	0.20726354879582898
-0.12437932982302281	-0.31137525221776385	-0.56995986687327005	0.056279117367224823	-0.16849248791753704	-0.087025480872774022	-0.092934482269517352	0.018719853356539751	-0.010961776677613036	0.1470394496493313	0.035264551346706106	-0.19617110980582675	0.1812120135342366	0.054243849567897851	-0.10188025731351341	0.11106492803227123	-0.17061923426849754	0.029102452641244513	-0.063071120191655186	-0.054413549481470327	0.32043839642528721	-0.19562813487066893	0.23786123164143486	-0.03556528968864367	0.21188532748566818	-0.062043502401309111	0.063598911594284199	0.096579139179921086	0.16562158188840695	0.14842714287813477	-0.067959557568167225	0.20676838098534148
0.34156746345782857	0.53269630307554916	-0.12043510633072634	0.088235223574641725	0.1748413526552402	0.047627951591883162	0.00068003487745987412	0.0016130737508349452	0.0017762430287919884	-0.0043917688482741956	0.075534578204379962	0.1205287824596408	0.17286128849851989	0.039009541555173124	0.011635583181495785	0.036810140856103409	0.046694852192405392	0.049888497484395937	-0.23061662393004995	-0.30274514725501284	-0.17607125280146513	-0.32137956232324949	-0.07139916333223259	0.084441239405452465	0.14277232691943026	0.08154039201835421	0.22977670340169132	0.099011981394907425	0.23569478513923972	0.090444331428889593	0.018587660978728	0.20384757269926604
-0.16826477644504662	-0.57769217828352237	0.37775244505316957	-0.1214338605031953	-0.10657587030127898	-0.0023548785764654096	0.03896670430410324	-0.011099636347039397	0.0070902623221040378	-0.059132309002497489	-0.0013523072118184556	0.18364105231987168	0.10968154912131624	-0.026575163195434313	-0.02157506593015265	-0.036282425712774173	0.069643644885832343	0.024751468832293386	-0.22152197254382808	-0.16140436607790595	-0.20426531756675115	-0.13579417888374415	-0.17636625601945993	0.18285325709672606	0.054886025694096806	0.1457400530379713	0.21661900900164857	0.034724847689892258	0.29806151754634008	0.044447666446485054	0.086712801236400475	0.19927495858869279
-0.49604193572610328	0.39690003043411876	-0.082783936688608215	0.011398460806295852	-0.056312358045134084	-0.049348145925948106	-0.013578705217565268	0.0073330825249994262	-0.011909650085826161	0.0010854891150226403	-0.16902508156295498	0.048798331179872326	0.0044860867913692959	-0.13190372538977718	-0.1704398885436586	-0.1064784817622367	-0.060460366202138349	-0.036291391290492123	-0.073383289825679002	0.28483861088308476	0.13670893941208909	0.29234017554581349	-0.11890222212970569	0.26265310043988127	-0.046493608253182744	0.14629940645026973	0.062405774060605324	-0.081208243453117362	0.35348469616316591	0.0085590687984611735	0.13932889514528854	0.1934591522110857
0.67910277402003905	-0.23033272270579119	-0.06595275533185406	0.038403585919503803	0.11625781871354605	0.061604850604565199	0.0010428269121074217	-0.0037351124711679398	0.010110850630007317	0.024314268138004004	-0.093544031179547599	-0.03400394398206473	-0.087617046007917448	-0.10373301554509599	-0.04469286507246345	-0.022407079429851363	-0.0045432511989833219	-0.042325070385480765	-0.12224022182684642	0.21983338296829358	0.17350800521219223	0.3196806828737363	-0.02358598170080568	0.056323695676600831	-0.12088481511157026	-0.0097817483656375322	-0.11649962995122842	-0.16929900837848999	0.32284970033962029	-0.0038726266785621887	0.18505471483995331	0.18582901246771061
-0.24584798609320849	0.083476906419847716	0.024536697964099762	-0.013081355060676604	-0.042662768372502879	-0.022506046847821391	-0.0010141410711013287	0.00080032035010147654	-0.002627427793432913	0.0025910220248206721	0.17122977840065304	-0.071349270280525512	-0.16786089452191039	0.028097868132213464	0.29396677386460207	0.1808717794871493	0.1963784794012641	-0.005210272415079484	-0.32451682497479528	-0.24491445308028253	-0.029193171628697223	0.031872668425928743	0.09924997247237291	-0.36987728909620771	-0.17239386181602617	-0.28524165185658035	-0.3106741446363373	-0.23349601023161742	0.22536857536370503	0.0023759756095222463	0.22433331537904447	0.17694624654521499
0.002249102090434173	0.0023584369149851833	0.0016367592062273388	0.00022625355257008129	0.0093995219632028153	-0.0025130150960769215	0.0023269398767907417	-0.0020296565072436168	0.0037945600652302706	-0.43246665630817055	0.01863770876338041	-0.13983387002453276	0.19353578705645269	-0.3439312917183836	0.10867256412649963	0.24055691445780739	-0.18603871858882684	-0.048749464618039112	-0.034312844299338396	0.017555891041120708	-0.27782187918811752	0.35079264479323763	0.15933526784608504	-0.15962764034587074	-0.007723386401281146	-0.054031828221101523	0.1682292146324405	0.082274116148366855	0.023919631308222139	-0.058318734295253069	-0.43594143276997011	0.21416943961174742
-0.021268522813356752	-0.0099433616182654991	-0.042962203876150434	-0.053789922493076514	0.0079582912151989708	0.13998718475269203	0.09472594949698962	-0.059031686376775569	-0.067014729655332408	0.5211678349055141	-0.014288222611455565	-0.059767252872971091	0.15798169827964967	-0.1112405008156989	0.16050775479778251	-0.43236710340245171	0.40587956090905752	-0.036688925866919082	0.03956652825795811	0.056846990849275116	-0.070070927440792838	0.12398342779907166	-0.011909858727355489	-0.11192649339970988	0.010007921903522409	-0.16684663988708184	0.18347400502682937	-0.031732840657548105	-0.038328303148176347	-0.093634242662314446	-0.31793562823004679	0.23433430504998559
0.061134245490287946	0.022983281427041764	0.13385012344109262	0.17734977753341613	-0.063266869049598204	-0.45434860771356383	-0.31879971806900453	0.20764841325694389	0.20577319456525189	-0.01588548205553094	-0.021174997452513167	0.22993931645518698	-0.10071280725001994	-0.15575234019896131	0.13620375519620967	0.030859784788101183	-0.021488132294979687	-0.014248339267396612	0.10232816681643202	-0.034468863329201252	0.31967360193593081	-0.16624468779737842	-0.26719891641042215	0.058147421667601992	-0.085814521957507092	-0.23451937601428366	0.10403066751340234	-0.13046854038709238	-0.11208164410073904	-0.13582089448231052	-0.20301765895236748	0.24898904984509557
-0.036742465881076998	-0.0063461419897399771	-0.13647303578976502	-0.28191147387256499	0.052863370392261612	0.34976316193728813	0.29523250595502659	-0.32738595091924438	-0.26820988364439441	-0.15426378176610495	-0.033621718004367848	0.18787201247483101	-0.18871645835583431	-0.10379112177197926	0.096402188705622671	0.14811270297480997	-0.12881238966447459	-0.022937697865316492	0.13787074605764685	-0.063430622878919499	0.24528914916084618	-0.22752009272115356	-0.13428030256334328	0.15164369943951775	-0.027608422119550231	-0.075491797815274514	0.0078431095870383754	-0.23918950889240059	-0.12526297630837074	-0.14875724769471743	-0.097698669070749311	0.25894413899310553
-0.072231504168167149	-0.051338318961333528	0.020072890476598319	0.35803631880409181	0.040941809536559348	0.30840011067321083	0.051049454586480476	0.40152855512033059	0.22931812117330294	0.011782128757698494	-0.072148919142952253	-0.10300874950260813	-0.15112955684405741	0.021501249391358987	0.042190681898436007	-0.00086273472703641695	0.0075566603688322761	-0.054578391714269966	0.15245279520242019	-0.044559529645162681	-0.17951167452226952	-0.11443434366413995	0.28972486279232174	0.18512709722686763	0.14606623516863285	0.2519662844617217	-0.098782897613898621	-0.35312354488114367	-0.09244666239811701	-0.13928217886263128	-0.0018957802666264795	0.26512105525299823
0.059095327704389508	0.033991576071213926	0.011506667527082263	-0.33956917387677632	0.098288874658073608	-0.4937733955214027	-0.22747982109409295	-0.32163416063465033	-0.098951892691107199	0.058427284889789856	0.0026799427789528894	-0.16658652552915731	-0.088307754283878326	0.058070229356549437	0.022640025641875422	-0.013151230051780023	0.044681837688019262	0.023899537499082042	0.1567517456439729	0.054332590504792291	-0.24015098256606077	-0.036779886962980499	0.17828679123615215	0.011714321469174732	0.22872904979437503	0.31267252168521742	-0.12099981334528084	-0.18853464797551139	-0.071016884990238643	-0.11596818539171401	0.084086325980133325	0.26749853754655711
0.11413677084521137	0.08272265244707358	0.07287860852470647	0.19837099461492491	-0.53856158238923368	0.050704522451921301	0.17827690418553965	0.040308012597516006	-0.15101519848389	-0.017354948805881055	0.16013185360194554	-0.052408106778799923	-0.01148390939869846	0.027575551865594097	0.027911892878106734	0.076191635753177153	0.0051333620029198656	0.18455113433943349	0.15310514212574944	0.21210349915992727	-0.023597262966781322	0.012371340391406891	-0.33741032328956666	-0.31521029154464769	0.24053151951000784	0.16972698674081027	-0.078687560807043561	0.18393552310102321	-0.058726961804218235	-0.082589885387800183	0.16074128614696254	0.26692002843424961
-0.16691935352221357	-0.11684594565515405	-0.094090131047641246	-0.090566793816242649	0.6181343383094009	0.15929107753819585	-0.11892496004505206	0.094609221940450433	0.23135369722180049	-0.0064126663606804621	0.08830172113978664	0.028944664234003402	0.074896141935641328	0.098910084950207727	0.058333726743931592	0.038881642319036458	-0.077518699215805897	-0.060963986250625248	0.11985080877409153	0.15393611033546126	0.0024416808563584255	0.03945914814147046	-0.29458800316951939	-0.24604635038370393	0.087899902909909108	-0.004602828292835091	-0.032369748843481927	0.29949866484935267	-0.099047105169374844	-0.050419225703039264	0.22665160907551882	0.26358228486559415
0.060720528525638882	0.042431973420639854	0.03365910352649093	0.032469523157693678	-0.22458632613990448	-0.057808154411220253	0.043728164386559798	-0.033973152444101012	-0.084550592698573651	-0.00069406926453405879	-0.16319250966060822	0.088285112522519776	0.16719032515013565	0.24890951373219167	0.10948681139989631	-0.09552917720244862	-0.19115800058382326	-0.61158600058798174	0.064478768830804084	-0.068179941520623427	-0.11760307330608724	0.049190940975314582	0.17328865588304559	0.12401115060275089	-0.18766474291867871	-0.20011138206652476	0.016199519524394062	0.21688431177870393	-0.1789235829956278	-0.019712436016434076	0.28322657886369224	0.25817624263428618
3.5161962660082797e-05	1.5484564129608942e-05	-8.5781793076501485e-06	-0.00021259332276056249	1.8594346491056081e-05	-1.9336378231334147e-05	0.00011266580800707778	7.5806578288371493e-05	-0.00047442326009066149	-0.00857302505824745	0.006082593938503399	-0.022254459766919026	-0.014984818240813351	-0.26045495780817068	-0.32424677095190102	-0.063292282280555071	0.05511881889943613	0.52672053790733064	0.1901998512834446	-0.17492715401888759	-0.11162145482514549	0.036258584724278828	0.21993669606206542	0.14036145827671548	-0.27786102741036028	-0.27803131466472936	0.041411142394149718	0.18238383835995925	-0.19093968941258357	0.019997633492879325	0.32313169470445813	0.24967227438982312
-5.4771425667748887e-05	0.00010375980699367666	0.0002444098469081698	1.9688152434184401e-05	4.5347857728996909e-05	0.00027922385762933072	-0.00057945221096009861	8.9616404052354635e-05	-0.00056330624122488129	0.012260847078060213	-0.00057223703763437681	-0.015103408560735337	-0.043950879054720053	0.024881725930672467	0.26341001056213897	-0.30792639707964126	-0.31545789790159456	0.20605529588029473	-0.077343611070640667	-0.26201842868537212	-0.038126682770063799	0.21927084040419462	-0.12291512312482963	0.33882816261000903	0.35223804380559276	-0.18605596968380442	-0.4625628321671108	0.19807934661001056	0.054084587645463235	-0.077770868487924819	-0.12611517068071701	-0.0067250912832225668
0.0016467005799701293	7.2913061243661223e-05	0.0050477898711287078	-0.038380261770409055	0.014397725499289273	0.017410472714405049	-0.066558131561406414	0.10911813079887782	-0.14149868516925398	-0.010954088268851343	-0.001389725647510753	0.0062473438241561286	0.046863939885088884	-0.062987950922712754	-0.30961736733804268	0.38884498939791101	0.50477820816137242	-0.24986479107586537	0.15718760178170291	-0.0042178175132317969	-0.04092635863196481	-0.015428079177598475	-0.052405964967207626	0.24767646956883471	0.19535004863973054	-0.201294412403145	-0.32870300528421453	0.21812898307283776	0.1426229956936293	-0.175287941896902	-0.12126170632021158	-0.0141748448753108
-0.0052528041801065042	-0.00067895970644706494	-0.017850807830492862	0.12875409095431731	-0.047950653210423147	-0.059831403647839849	0.2255742427168457	-0.36556949741974437	0.47615906727432006	-0.026323697953811686	0.0083892027162457139	0.017530403711290117	-0.020438098788156223	0.016332138461670549	-0.0015692382835756655	-0.047903337979998295	-0.044216770028721222	0.053220757960099702	-0.070939307489967449	0.41142197632468663	-0.18444550065003143	-0.36069355151201699	0.1153388113318902	0.043514783398374203	-0.12065743737099145	-0.1735389078468067	-0.15598126669445481	0.14511798772439341	0.19484656232053466	-0.25328464472385781	-0.10519628064092566	-0.015479685218091465
0.008556518547002151	-0.0010433497871233522	-0.00011630458849456848	-0.17279397458156351	0.078606973974725242	-0.023267357499365555	-0.094066590869927136	0.46052057355564169	-0.49455784763504412	0.0069612503534323359	0.0027467168460982572	-0.0083069961511540672	-0.014836399787219521	0.016635479161068049	0.10065679853482173	-0.13032770373015515	-0.17397987020733258	0.11154087352417662	-0.074488850651805869	0.25697373052867944	-0.084496626401236022	-0.3036518517995041	0.12058325936281902	-0.043446525776529549	-0.28109009681366398	0.044230658721269966	-0.087801697554411084	0.15653878026413612	0.17705240231347052	-0.29552547317941386	-0.089609411912961637	-0.011516016229938702
-0.011324237785634036	0.0062130895702227663	0.062458264531764791	0.1480008085420583	-0.1043638809223054	0.28574394884280524	-0.4543202154334478	-0.31842664039165891	0.053744374261929607	0.099799522694111326	-0.033475658300420229	-0.069617523122911126	0.047890772919343537	-0.037042016601853411	0.051811496772952464	0.034173629416333826	-0.0043714289803646516	-0.0023123703917258408	0.07998412368339862	-0.28515524022005917	0.17844537225889825	0.029966224549230269	0.011968815451546181	-0.043585532450580847	-0.32359665774462504	0.38097570578015205	-0.096630281600437101	0.2262673943009178	0.11163966562786744	-0.31029866060261202	-0.075326582315843077	-0.0041289676528158265
-0.011604730911753871	-0.030659770223850226	-0.063053167332253718	0.027370765194844313	0.14925869167916733	-0.36873732119171454	0.60960752290850839	0.12242371372758239	0.073728923925169332	0.082690778350254041	0.0072793018880213754	0.061055388468871465	-0.058755705047358921	0.081155869947829432	-0.050060335532226191	0.050518205423874772	0.028363168486695539	-0.0071264642097469064	0.080845261499510004	-0.32581654435307394	0.18419777513238714	0.17983126239578284	0.058913829103974039	-0.078503452675822108	-0.13773106497158635	0.27487748273591345	0.028754660940726189	0.17092018706229917	0.090071699444366632	-0.30350896578568365	-0.062797626405108817	0.0018838581496008545
0.068291052277165032	0.079006871256054795	-0.030779603079502452	-0.41775547368336013	-0.23438257567165269	0.18273191262616489	-0.17252699960324044	0.14700572511082505	0.26738310934683507	-0.032700763400162362	0.070572158909159508	0.29526717559429627	-0.26724090628758224	0.307279461072753	-0.18315890761807144	-0.032455965438461701	-0.029294691531787966	0.060673824590263305	-0.021364223726461053	-0.028805047532090396	0.017098394708600348	0.19845742398830063	0.2074784985555822	-0.13481828969615869	0.19206818495208944	-0.12267613157443552	0.23776593672103555	0.034366412321126819	0.098814930946174218	-0.28259883780928097	-0.052045731293689161	0.0066684993780749798
-0.081690162020530574	-0.086281748813925516	0.070867169160523699	0.52318502527147548	0.22885406927668275	-0.052438581739411641	-0.079615581533024712	-0.25253016269652695	-0.37894564970877215	-0.052346121940524765	-0.015381257110410159	0.0096298806394549841	-0.17213285944202475	0.34087616166117674	-0.21623686589758848	-0.018407844730616619	-0.050222380451029669	0.072439488350884693	-0.11637030478572705	0.016951810157070701	-0.05302034901435744	0.11474360510367647	0.015906470197133805	-0.059842165068450713	0.14523546362278988	-0.21977098593379144	0.23233127867005132	-0.076795206848587705	0.013674211374098239	-0.26404483362998254	-0.039160016059060852	0.013854174851133542
0.030867117810557058	0.033656766390642731	-0.025893592520283247	-0.19912110109587089	-0.084135084623348178	0.018775024469446462	0.034206527690222047	0.097786020358518383	0.14168238609976977	-0.030083468986947328	-0.20543241636719065	-0.62321278559022897	0.11915802355176779	0.24407531237395141	-0.17990965743320753	0.060063600628914152	-0.045809532081689412	0.046379788486433468	-0.20180364505311352	-0.1076791572033656	-0.055426297256032722	-0.03464553355261462	-0.39648940896899282	0.10029759910116666	-0.15190760760813887	-0.11172978384635261	0.083361273240708494	-0.166710564619931	-0.13106069995019559	-0.24775963756549668	-0.025317768556068886	0.022373931228249704
0.00056911093412398308	2.2667547297408553e-05	-0.00025103983183407357	0.00091038155528683543	-0.0027668778677377476	-0.00049019107106314231	-0.0045182905524211179	-0.00062926601766575305	0.0033104390834197933	-0.0010119961868939741	0.57455291954749332	0.22180685038668002	0.51281081739204326	0.054038737499673424	-0.24221554762943068	-0.064377857473047848	-0.073658655733254655	-0.0069272736070771076	-0.19721778369394649	0.057136196268597277	0.069915906210503934	0.091352427653690421	0.021867948705793502	0.088609652731615807	-0.081476081323533303	0.070792055288761063	-0.20809351434840881	-0.28790235144606552	-0.21683690017394663	-0.19133479729025946	-0.014115420478416758	0.032823220218756499
-0.00043114715704572392	-0.0007123262652404585	-0.002022236566888162	-0.0022397386888447367	0.0021787879521444316	0.00068597968221790345	0.0035594187851062916	0.0013174688350673619	-0.0021130255581911284	-0.011945065503790224	-0.63997534067510331	0.29149530559027031	0.20061210430148249	-0.12291690538081122	-0.14551827196470637	0.004777344680085038	0.053191105968956827	0.10075509280061971	-0.38836280610074775	0.00066114500877217887	0.058727499527773279	-0.049730836555230362	0.077689046905374107	-0.27781139944547945	0.16076101572689397	0.091284837661213772	-0.23292711450009423	-0.0032554932882227178	-0.27331566135143959	-0.10417641067310728	0.0074641298658893185	0.041676458664727301
0.00017680224163831574	0.00033291762246333506	0.0013376997967122042	0.00095270156291579538	-0.0016184867777815908	-0.00016157792755846256	-0.001066596575247191	-0.0013770977447308283	0.00069253231276936221	0.026461010127376179	0.26513632541829762	-0.18002541419534465	-0.45547264827884609	-0.36621719916492523	-0.16822083393952386	-0.14084084921203693	0.006715146546649009	-0.28381459960203675	-0.48055433397993497	0.018562741025718268	0.077413338117305233	-0.064958789649325013	0.024681195159591253	0.065611573703153125	0.089113839993027313	0.11429228668367412	0.067390835780788125	0.25399067149746518	-0.288847145268254	-0.055638224045990406	0.03342772294194065	0.046666602448076688
-3.9302772866435751e-05	-4.4407352398032274e-05	-3.8616055457025647e-05	0.00045437760038146791	0.00013826199164091726	-0.00012152036771979709	-8.1620617834118238e-05	0.00017977363098134545	0.00087928262128236616	0.001553304083701054	0.011511511197349902	0.0023834286030233963	0.047859576983547161	0.2396580525484579	0.46136808321957051	0.32441968741792965	0.27299155748257048	0.26462979238504186	-0.26262204648781129	0.24444677185444441	0.16199814433148105	0.15156445315069694	0.1598936668405137	0.37297224365020404	-0.027115354640748848	0.089737272823419909	0.16375843332912676	0.18056827428351974	-0.24736850286409121	-0.028645412671470385	0.049342171451199894	0.0469009177007002
END_OF_FILE
