OUTPUT_MEANS
32
1.009491219512195
0.97421392682926833
0.94199502439024385
0.91283065853658518
0.88672097560975616
0.8622271707317074
0.83934887804878056
0.81838031707317094
0.7993216341463415
1.3313556097560975
1.3112724390243902
1.2933919512195122
1.2770934146341466
1.2623764878048778
1.2496629756097561
1.2389532439024391
1.2271648292682926
1.2142986341463415
1.2039641951219511
1.1801860975609757
1.1971241463414632
1.2179599999999999
1.2410026829268292
1.266250975609756
1.2923180487804877
1.3192024390243902
1.3459212195121952
1.3724758536585364
1.4094768292682927
1.4586551219512196
1.5020368292682929
1.5277485365853658
OUTPUT_UNCERTAINTY_SCALES
32
0.0067730545342371742
0.0072936043110385009
0.0078452696486278738
0.00847379568296849
0.0091790702344789424
0.0099365978770710392
0.010746812665067756
0.011653342663859822
0.012656324682232397
0.0084989493221796896
0.0093417139146764732
0.010250773642494909
0.011245703579895671
0.012326717196916212
0.013512532047799473
0.014804199988664647
0.016195844345562999
0.017688956663709562
0.0193634054725913
0.0060855871424713593
0.0064388242874485104
0.0071816632158972042
0.0081159151604256533
0.0092415212675437432
0.01056759134266576
0.012094209806632729
0.013822099116290577
0.015751164432972833
0.019080510379833594
0.024484981885079134
0.031139778188833202
0.037094432751214546
OUTPUT_PCA_EIGENVALUES
32
1.3993886810233344e-10
9.7946765179669213e-10
2.4408844019189243e-09
6.7741160617082657e-09
1.1757063960121487e-08
2.4274618464082521e-08
2.7507986696801046e-08
4.4616565262909318e-08
6.1705628437210214e-08
7.1258365676047762e-06
7.5660289159307315e-05
0.00022694796499982288
0.00065968827330417613
0.0035908423644252186
0.0055615779467651566
0.0068659476261937131
0.017729459587753883
0.026692330169427445
0.055929447516957477
0.16037914257192179
0.25385060086693922
0.31625802132651903
0.38738385134686559
0.46369416351769849
0.53193628737010601
0.64876193722519915
0.77297891590164136
1.0610856821957566
1.9130736365315915
10.728548696439708
116.3373224295637
1840.1627553553287
OUTPUT_PCA_EIGENVECTORS
32 32
-0.0016305155101783205	0.0017052427550861161	-0.0015800068640875584	0.00081901795198340509	-0.001188724058896345	-0.0059767537587368256	-0.0010443069742106705	0.011833204181936476	-0.0025675083950776833	0.43933217636969801	-0.028956421326837803	0.17070891396950169	-0.20621712890635099	0.24665157152449493	-0.3100662131622714	0.073664936412472251	-0.27974456430049149	0.082121473787317045	-0.08296583829435579	0.025438133817187774	-0.24988787546809843	0.081414005468088163	-0.2606175863270162	0.064154474401005385	-0.16167329950929588	0.093847581484653816	-0.1419523758345016	0.011370671388927608	-0.094153336578986765	0.35205182038313809	-0.33442384414695298	0.1958893510407928
0.012323742791339656	0.024721407381672066	-0.19569357112036467	0.036977150999939853	-0.001413753652581264	0.019837672409742484	0.047911394240078932	0.0018147567995698952	0.0089310239580276691	-0.51791442939022914	0.049158752862971472	0.015627974174154017	-0.13714853691277351	0.29137979684413567	0.34048331157143757	0.21607480205941954	0.35508915935994589	-0.0057312114226431531	-0.049985762443165931	-0.028195013491672784	0.029806780817822398	-0.094039113749651029	-0.14558782226177985	0.082257661071953106	-0.13360153373983322	0.16854549615933823	-0.13796092931474688	0.0018177653906926172	-0.030471396692372657	0.29490959874605638	-0.23902705651569467	0.20527567242223754
-0.033758194640450885	-0.086702005380590946	0.63895544261160964	-0.12382028973821661	0.0079508280449513795	-0.044055706416805361	-0.14878219010438476	-0.054713035739820143	-0.021064770386207795	0.017466341822325284	-0.014911549412256747	-0.24734609507697519	0.096441090682762201	0.141754692349082	0.024669389523948478	0.11291130699029986	-0.11717282656759243	0.033601003064211495	0.013986628554280114	-0.14461475988538947	0.37544878568565099	-0.098088311868894565	0.33253784647643653	0.046904324439150324	-0.030943033565788425	-0.0015661298883149967	-0.094362338599968038	-0.052021516682761129	0.10656501059721483	0.21864452812964857	-0.14765248745519491	0.20698910277338814
-0.05552181771720107	0.26212403199173573	-0.60074283389013516	0.15861101727869936	0.034292947038462293	0.041374222848947706	0.13611942429812035	0.066249045155844857	0.026062176632668681	0.14961598142350002	-0.045411431257374034	-0.19110587908285456	0.1915063819560161	0.06068073311687755	-0.084713831294611519	0.053686629329070333	-0.19941012669646069	0.053124396277558411	-0.061374955947161164	-0.037572991715819182	0.27054630822727849	-0.15924465186520115	0.35875787113329788	-0.048923679234209441	0.081160439409634869	-0.040116151016358945	0.032298306842363324	-0.092993269650611235	0.20263480847428636	0.14864206254336573	-0.059498200186207717	0.20563936377196101
0.28324093519108773	-0.5807703618843949	-0.041685738314691516	-0.12596981038263888	-0.13831268341111527	-0.00059331684221001937	0.015389486007685653	-0.026080551287201589	-0.016701058000496424	-0.017025807568380236	-0.050679454172651829	0.12791293044761981	0.18167044279620695	0.03370702917942877	-0.027951553854740491	0.031359705952311599	0.031377296769706797	0.056351412668414799	-0.24566345938020803	0.24451905646837338	-0.18966673537401713	-0.26428199993673002	0.02508752666613779	-0.19041012524081455	0.19791939632668018	0.026541941418310989	0.22197438589329013	-0.12281274502942792	0.26375077288057325	0.085387016487234416	0.02388283513141954	0.20189252504948113
-0.12017623280073007	0.63319352653603234	0.30393511056761535	0.059665458316828499	0.12423284558807166	-0.026456304830368274	-0.072499366838687102	-0.0012285695168349378	0.0060962899580711801	-0.05565048552511926	0.031136644710875263	0.18049563707430255	0.10006606073252938	-0.038242907950878272	0.021167136419467599	0.070426806554409832	0.057679869616160728	0.03164818318626212	-0.22472739008885906	0.15135398294335251	-0.19983226272088647	-0.063672992766343584	-0.14904321828497183	-0.23226698305442806	0.11844402129645556	0.088639941701935177	0.22793480162271848	-0.069277274233923186	0.29922490202782503	0.030791245972623026	0.089199854328092951	0.1968800845101415
-0.53399662767064549	-0.34534407119694066	-0.081624398021341998	0.047425470558744458	0.04088758381921518	0.035109860910865272	0.011441423873966525	0.013986849870622651	0.001754374035581392	0.024103669795190664	0.17336815852921722	0.025981498439372516	-0.035355281116159161	-0.14601888014287714	0.062848312947418578	0.15738395171341846	-0.077571240628276542	-0.014649869948220545	-0.042339395466911622	-0.23634479856119936	0.14494326125170076	0.37491902404232158	-0.1947455503955888	-0.19479578104492562	-0.11456674368964742	0.14609839755679296	0.08894850717071584	0.049197258564980688	0.31397335552084216	-0.016196501864605119	0.13931383021314525	0.19093373976263125
0.70435571316673062	0.14287547139835174	-0.035280641568523993	-0.087005313735227463	-0.10370602290343413	-0.03090669113756082	0.016368083404052675	-0.015820629198349732	-0.0040019344255892639	0.03300684021640151	0.079962955012475995	-0.044920693046210033	-0.10412962565167712	-0.10355636692735018	-0.003094771558020259	0.022953011182872265	-0.011562921600023382	-0.040620840390322106	-0.10190916729869816	-0.17071160684567099	0.18069204410698275	0.34633481472201982	-0.11075838916078326	0.019602685978341	-0.19131082691634901	0.0049048966044831577	-0.077431081166133633	0.16999752652071934	0.29059096559189695	-0.03061371394941912	0.18392787030735094	0.18307567152866269
-0.2550579055181012	-0.051803035330385168	0.013654228392537604	0.033251963107785269	0.037107502686011026	0.010959561820563001	-0.0052761300752919675	0.0051487333007760351	0.00057840608228283468	-0.021032575078096992	-0.19445001725417141	-0.045213346412108078	-0.11914504320697823	0.055359628779541106	-0.1524410368207243	-0.28187597463087655	0.21124029740554914	-0.050131466171289676	-0.34997134528925011	0.24936137812744064	-0.026975924478787258	-0.048374038364783732	0.073161786294345332	0.36801496268937367	-0.1435966176983606	-0.28904262868990321	-0.2614833788745855	0.28983701257984673	0.23779486347928791	-0.019131267801629784	0.22320315954807204	0.1738942807945203
0.0016027242334406432	-0.001548493101479756	0.0015701026479068916	-0.00052990105922501817	0.0012242260897906113	0.0057593643549992144	0.0012368765304716681	-0.011860713887994059	0.0014997507487758887	-0.43093778413383366	0.031054550026013341	-0.13989693274033152	0.19621903903500956	-0.33564313204036456	-0.22059306693396105	-0.17005457356788978	-0.18351423114761162	-0.032994343190408129	0.007277077720140069	0.1278376998308132	-0.20761194668566188	0.36047920111453607	0.091468949150375123	0.22030933733732497	-0.045911650228662719	-0.041813151623558538	0.11554426149252928	-0.1477850690373439	-0.015119555705944072	-0.051506327653331838	-0.43966336369538056	0.22019852515175975
-0.016686968292989979	0.0086587352502011383	-0.047022735958409216	-0.054788632529950573	0.0076495894694336127	-0.13760561891009038	-0.082885097608664915	-0.078644291223367468	0.058165246860288178	0.51622492040771029	-0.058067097728129922	-0.048738734837285011	0.12574213555329922	-0.17611667900409056	0.40626881832575573	-0.012621278184836254	0.45667059637154717	-0.07929743374642903	0.022472459168092433	-0.019739545036133826	-0.044820841971479862	0.12224903250224554	0.0086339589690619424	0.096791260274658675	0.0094453868557733776	-0.19301140793811189	0.15212399582155292	-0.035767896451908657	-0.063143489238446288	-0.086192541650091353	-0.31986706974563789	0.23896034131525803
0.048847479119111401	-0.022002242369938137	0.14705319813809403	0.1836394685104423	-0.028765424949346207	0.43308204297878261	0.26618462286406153	0.30974618479770566	-0.19494999532334895	-0.022094742730347037	0.020470528249440491	0.23130191027035557	-0.1028026273270871	-0.14809164325630747	-0.029415742794101304	-0.12858004597299702	-0.0051640690908107013	-0.018220109706736303	0.085500431348244615	-0.059146863948068278	0.29437481523488124	-0.24630928026258073	-0.19126271451385715	-0.11201172045053644	-0.027755042024280103	-0.28395716458334797	0.11612409727086125	0.10904324901674217	-0.099702531602911773	-0.12485946085084464	-0.2019967879997088	0.25210266518491586
-0.033650143469855558	0.013676299952898317	-0.13968477219909464	-0.20811173908505717	0.13435122610741221	-0.3455266929247961	-0.19694900214631578	-0.43218473308314304	0.25677753457691571	-0.14495427945280523	0.043763189807293337	0.18678290301484163	-0.18150898757864126	-0.074865655913470053	-0.13896380789865698	-0.13291019104816462	-0.12447483941475977	-0.020780700078898345	0.13018805112645143	-0.019063542571699094	0.20999107381452015	-0.25754097027347744	-0.075581752319881998	-0.20369995108352512	-0.0030834983919005346	-0.10605314005086747	0.056065699426560561	0.24456125062703471	-0.11132761966953539	-0.13919422578069793	-0.093996279691334741	0.26055379709134902
-0.043447614982570056	0.02499032823070399	-0.011439244116267986	0.092877171907125966	-0.34763123626283077	-0.248743102857579	-0.19925243443320811	0.40824104667382449	-0.22222024296089618	0.0037277709639619021	0.050072018379066552	-0.10720337284934854	-0.15263976932987197	0.03250200082294058	0.0035809851620963369	-0.052659534240693473	0.017515839374535953	-0.071229296196147415	0.1603010175743606	0.080523069412827039	-0.19409135741406708	0.0017267027335046152	0.2767988344103513	-0.20466179819821359	0.068214518874437552	0.27197976633687615	-0.020765220783444074	0.37008704881290011	-0.10390369572644646	-0.13480237725684266	0.0042473082068866068	0.2652629388686375
0.025454548608383247	0.0020855080764870058	0.053242508392523022	-0.17887591659550192	0.26826290996169638	0.4659981333004441	0.34019012748138533	-0.29194708594813651	0.1064300393517796	0.069873650598064496	-0.031154059530649557	-0.16325330944144223	-0.081603406879160373	0.067167009081778209	0.015769301264549639	-0.033746840775319698	0.061132502106794696	0.0084710031336366707	0.16180194890885985	-0.0091483284323733757	-0.23799745075696049	0.073680876747681756	0.19222088308176349	-0.042606173282831818	0.2189585519194886	0.3014685434567454	-0.073214667840433748	0.21227120405906055	-0.074710558010966682	-0.11483787009060915	0.088210056801388589	0.26709629018843312
0.11667282784018825	-0.11639805211418981	0.053347820711555111	0.52714295337289263	0.19224502686522849	-0.18009946315983655	-0.14452387668228719	0.055024903430007321	0.11620993984042968	-0.027523169392491446	-0.15582366476874177	-0.037989355196934534	0.015143610549117188	0.046142175814825243	-0.069276606736609958	-0.062542936451873046	0.028185090015265455	0.18535830508212783	0.14143785331098152	-0.24078413968889523	-0.0075396645897340651	0.0013759360426848514	-0.22285407370760921	0.24015229211267786	0.42715049118186865	0.065587472261009333	-0.10604972961610137	-0.1575191027938683	-0.029549754095327035	-0.083430888817415116	0.15951964430285975	0.26668439530141341
-0.15510074429210086	0.14221288999684117	-0.088317479079024777	-0.56557351552373958	-0.35795499306365264	0.01196110944852974	0.026650650092096596	0.062814020653761043	-0.19143505187799889	-0.033302751431025165	-0.078792406586461305	0.039635101962122644	0.096288776912757626	0.094618040380211696	-0.0070060087101816836	-0.064349797624603411	-0.068805070425338219	-0.056799236301488296	0.11222954099157126	-0.17124081717979228	0.019936872776192324	-0.020640389921115051	-0.23233875687572111	0.21834496085521349	0.22675722845279256	-0.060260415066727864	-0.092143586078561296	-0.28887883187289154	-0.077435959769138474	-0.048446397962508221	0.22448977208052256	0.26282376431174836
0.056522045401922641	-0.051712506789689507	0.031254231444078025	0.20431233941661395	0.1308892639960291	-0.0041344587582666835	-0.010247620963222759	-0.022426011513487273	0.069774306645631667	0.021610646491939469	0.17704174473182882	0.084255817598992297	0.16439317252219496	0.19722167379299724	0.16644433111042345	-0.045405092208489796	-0.21253048037170669	-0.61458741077164547	0.076851094413084312	0.12743520656967613	-0.10834478053991776	-0.0039203331656293	0.067862645215598108	-0.035724445573707631	-0.28219699090137917	-0.10022000476100788	-0.042756819322854238	-0.23560863435001164	-0.19565117239912647	-0.011326036260020912	0.28348672727858282	0.25637696288457901
2.4952301799338489e-06	3.0224218762444124e-05	7.1281959829955612e-05	1.4721473564018046e-05	-0.00015300135395625273	-4.3523797934324204e-06	-2.0546832329625621e-05	9.7273634695957875e-05	0.00060705444888332221	-0.003002971180101191	6.0940484942487956e-05	-0.04113333276348486	-0.056847922339363414	-0.2408011106361696	-0.020135599346018645	0.27959212640325093	0.065344263933008975	0.55923850002581099	0.19235998885315872	0.20183731604038341	-0.096958679965681374	-0.048813920498534245	0.10777371222997545	-0.03406756850556486	-0.40393525088570853	-0.14450540986868271	-0.023089964407571103	-0.19955420668375218	-0.2174432003865914	0.026981240527154809	0.32517829250237229	0.24705420225085092
-9.9794331482733623e-05	-0.00012500328811167243	0.00039908370005568405	0.00015266903256551601	-9.9064789550326539e-05	-0.00037068660498615867	0.00057569605509845141	2.4365445510086699e-05	0.00077228036135849334	0.0018963923694872188	-0.032068974230295262	-0.0040143780678118463	-0.053895474485730281	-0.013300604014962567	0.38913304322561831	-0.25662714054113628	-0.22336277843726135	0.19773363378070963	-0.062509688253712364	0.30113899010454398	0.076241063807481066	0.18048319499705318	-0.061225533360490816	-0.37210475379156815	0.16161790556556851	-0.092540341568537382	-0.56854150149324123	-0.1727127533762399	0.054643079124434099	-0.084079721436668142	-0.12875917321046179	-0.0045261054135617828
-0.0030922665522617413	-0.00012211530478945605	0.014181644301969784	-0.037458834934654288	-0.0086474518629241475	-0.011763850280535323	0.036997703933311428	0.099608400355660029	0.15878799112715786	0.0025160148671760679	0.039297682935365605	-0.0073227506006415116	0.060725956794713577	-0.013631141837248466	-0.49913456529439809	0.3184355802049248	0.40694395120940752	-0.24003931079363133	0.14178334879569038	0.0052601501993689726	-0.0073203055951445752	0.012404438819041007	0.014346869317638214	-0.2737912267931597	0.045583022983730473	-0.11230833517775732	-0.40902609293589215	-0.19589760035493087	0.12891132161743549	-0.18301418371188044	-0.12772715075695626	-0.011460489033611408
0.010842462096639603	0.00085164445881994138	-0.049101587130631293	0.12494118856128754	0.029065273512756902	0.041438189539572477	-0.1266701185033412	-0.33376595500398365	-0.53485194325991281	-0.027111791669519856	-0.0051108862565229594	0.016398361206710267	-0.019947778459320786	0.018929926626360942	0.037458712943482249	-0.0093116281385436737	-0.040096153204735495	0.046275211428247087	-0.078344222652749512	-0.43981754718020327	-0.33231616339188469	-0.20421164505831704	0.1189152718282902	-0.073494678810571562	-0.18854964131751423	-0.10471563535253874	-0.16429447883157522	-0.096628192600406254	0.1711271576550048	-0.25010115791638843	-0.11259805098973402	-0.012089349876392663
-0.001445825471432346	-0.002875140318837325	0.02152104101015467	-0.15891060580450178	0.0085878867158350556	0.053740304300776601	-0.016522974466841808	0.38135414478731872	0.57252779134762044	-0.0012002325792421079	-0.016176643496728128	-0.0031139720562929078	-0.01683709835615366	0.0069807698965127455	0.15567095212798154	-0.11208607115016783	-0.14277927420604311	0.10150674735554202	-0.088696844274644387	-0.30482018249189335	-0.22197107250590123	-0.25909659227067383	0.042142014449248769	0.075644061607450533	-0.2585956209823857	0.10355706224646025	-0.051538626874826653	-0.08125458022702034	0.16414734619186735	-0.28558943828741873	-0.09811936657529928	-0.0076630849041595334
-0.032564135626535609	0.0066438150650262214	0.096063586596208908	0.11425909077481693	-0.12880924039991673	-0.32701885931782337	0.49267092412878943	-0.15708847113845806	-0.11841527116562697	0.10697101893166718	0.017201184146815943	-0.067250370657196634	0.049400788993719136	-0.036962882462226933	-0.017955704525315232	-0.051457732199205457	0.00064287674155477507	-0.0057179922051078308	0.048965036695711325	0.22612781059805345	0.18455464999506793	-0.19861111897086589	-0.15653668375100621	0.18015084966033507	-0.21014131912180964	0.43895398694967686	-0.037632354540978227	-0.12536840256804702	0.12341822652173298	-0.29691640749711834	-0.084987582210311025	9.205409976277176e-06
0.026368081202108925	0.0064176904266011071	-0.11573737073847457	-0.0044468984498145965	0.018830654602182195	0.41781764000477661	-0.60137042025864607	-0.049846774536799296	-0.058517591280312968	0.079194926310516597	-0.013126483903186431	0.060831981927514794	-0.054023991773016596	0.087156952095819418	-0.043949763460085042	0.048098147495218888	0.017586669664983668	-0.0025750777764190292	0.06418359136241418	0.30373514070662788	0.24183640669035616	-0.017162970720504447	-0.047531078082962988	0.18128120238974857	-0.088487982482493344	0.31054614700755512	0.045684294130995978	-0.13729594589867433	0.09168986756219373	-0.29814753310397585	-0.073019108739113173	0.0057815311272071375
0.037091234011103827	-0.041546614618335344	-0.013927904202967471	-0.19540016124368137	0.42652856936995703	-0.23961178709254921	0.153781588012429	0.23752330478978628	-0.1893510622946257	-0.042942554189866346	-0.053139379930584707	0.29114267706586122	-0.26234041464070451	0.31754820566511222	0.029445488300117995	0.16888930251182913	-0.04821019123057637	0.073655314506657119	-0.0034510507129663099	0.07389777869551245	0.061875544130414524	0.23590692826923118	0.26230981922122193	0.11273158108552891	0.076670541189232777	-0.1227414313905882	0.1714474169394728	-0.12689455468905642	0.06752753073849059	-0.29252382633980456	-0.06239291660661863	0.0099857133947230409
-0.060432648116974665	0.050199319550484608	0.075476767377951212	0.25353438720038296	-0.55816907596307841	0.10184718725364464	0.099781624655729331	-0.28457629335690421	0.27044255605664275	-0.039717522604257323	0.029640882305181381	-0.00041817991316220153	-0.16677278359086312	0.34890298970406664	0.02046144972469852	0.18701207268547865	-0.07667588094127685	0.090357496483969596	-0.097183062714989762	0.021950543403831221	-0.017422044125027267	0.18297456861054889	0.094136122451179818	0.011251675643675728	0.086220221990549573	-0.25563554031461377	0.18094515110944223	-0.024786088054060854	-0.021158963982629352	-0.27297152453676482	-0.048309862895582138	0.01662549088869341
0.022805311706575963	-0.020158970890099347	-0.028185944245717087	-0.09872286116697207	0.21211515449800028	-0.036363737553888942	-0.042084411120273731	0.10760781824413979	-0.099394693691392047	-0.00052153935618279442	0.18390954896671052	-0.6418690304437995	0.12335703654697733	0.24607855113310623	-0.043002335455358393	0.13582579392015959	-0.079064120788366929	0.066626667181746965	-0.20366419215681486	0.091587249024588105	-0.026084945694793107	-0.073433734153512717	-0.38828622028117554	-0.10852857390924832	-0.0086373001880742078	-0.18194951861851261	0.11205100467332803	0.1349425928697307	-0.14959197430342289	-0.24483155990318398	-0.032430179593277063	0.024643242095414051
0.0001405876409647853	0.00058772694073402887	0.00065743277104675238	0.005180037486269282	-0.00068850232151757235	-0.0011890836595982912	0.0046289701371467077	0.00033835107682034715	-0.0030369185403732587	-0.060762922191568543	-0.49583628747215924	0.2554642871622228	0.53577782365662019	0.02626572408860051	0.042342042935362513	0.30093990150750632	-0.11657905969185868	0.027627926451922056	-0.18431464907293013	-0.049868284161530725	0.072670328668168832	0.10957208737411905	-0.030102645186369417	-0.04257916122944156	-0.097252337446930348	0.091888073714855537	-0.14107079977561357	0.32271387496699305	-0.24072730859775188	-0.18130870362205773	-0.015729176817715757	0.0345121950375551
0.00016468277077088861	0.00037819318667754666	-0.0032378132403114452	-0.0068720195405803436	0.0020012261522677332	0.0011023069460315677	-0.0036061984124258597	0.0015196010004895854	0.0011892791451977658	0.063237675336207805	0.6745666143113016	0.2375132854424826	0.12628936244706998	-0.14950263646736958	-0.014171750545465701	0.12339987721250985	0.010974756565151048	0.11454334349457081	-0.39939022473720226	-0.041876329880150102	0.055239817037777146	-0.061158907898728333	0.1499591207844137	0.22947714435522651	0.20802325758744153	0.079789633075702554	-0.22216689450575158	0.067613977294481598	-0.2480385061183385	-0.085346644546828276	0.0076242227097605463	0.043113973646951922
-0.00011600477445678326	-0.00026790908988082185	0.0020443216685187651	0.0035175422184474249	-0.00096085289610087828	-0.00093069159412278795	0.0014142680027786451	-0.0010694157480129471	-0.00035397199164024183	-0.005522877709868864	-0.32071842549586493	-0.17623628071489475	-0.46506357922827402	-0.34667098904669019	0.0090295326123116196	0.19352693019383257	-0.064090279771929132	-0.25828393510795888	-0.47985289276587584	-0.058851319508499436	0.069767237052350203	-0.061069372379993485	0.051008856188629	-0.073956114093860312	0.084755130371872309	0.13808532579404048	0.026880405722834667	-0.24914015338354342	-0.27844407969652762	-0.028593595916415606	0.033858787123043549	0.047758751778912312
2.2147619385310063e-05	8.0108597794909442e-06	-0.00019861233483709618	8.1464915520363477e-05	0.00011200291778787249	0.00017536516779055968	-0.00013225241151255314	4.3484049054812952e-05	-0.00096261012198932752	-0.0048349045097655164	-0.0084835459264691777	0.029755765071716074	0.10983774629166515	0.26824644017537513	-0.22571337964367624	-0.50598969383380066	0.3166183817071897	0.17764392764862807	-0.26406754329901239	-0.18006077292382608	0.15593757597319821	0.19326302939748036	0.089293559854357801	-0.28758379646444548	-0.19173127716302166	0.18362375338062645	0.13410594319879096	-0.22009213596389471	-0.28266845399127316	-0.0092475201885580966	0.051121075094859546	0.047103661028644987
END_OF_FILE
