OUTPUT_MEANS
32
1.014360951219512
0.98016168292682937
0.94866287804878047
0.920482975609756
0.89562256097560977
0.87215448780487814
0.85007858536585357
0.82998246341463411
0.81186621951219529
1.3381546341463415
1.3202553658536584
1.3046104878048783
1.2907875609756096
1.278786
1.2679402926829269
1.2582499268292684
1.2485305365853661
1.2387823414634147
1.2305134146341463
1.1797765853658537
1.1964304878048777
1.2170707317073171
1.2403092682926828
1.2661443902439025
1.2925592682926828
1.3195524390243902
1.3469434146341466
1.374733658536585
1.4133958536585365
1.4633929268292682
1.5087363414634147
1.5361524390243904
OUTPUT_UNCERTAINTY_SCALES
32
0.0068024905102435961
0.007332584540190399
0.0078942865426977205
0.0085359215647773656
0.0092573752503646144
0.010032452984338204
0.01086166322379134
0.011791221065384773
0.012821316936658993
0.0085406166065804551
0.0093993577788672959
0.010327423572879441
0.011346012287592402
0.012455433321015227
0.013670453469257316
0.014992171926246535
0.016427803489533762
0.017979313070218685
0.019714128771238921
0.0060878369894345804
0.0064404719239161577
0.0071842288599471733
0.0081223247520070315
0.0092546981721532209
0.010588418068138837
0.012123549952454031
0.013865416154807617
0.01581393201413946
0.019179034502493305
0.024634876786269782
0.031379410988847764
0.037421728995557492
OUTPUT_PCA_EIGENVALUES
32
2.3951284577648792e-10
1.0023750681340044e-09
2.9059574055473716e-09
4.1547458559268416e-09
1.2509603459992429e-08
1.7043832738918078e-08
3.1400484885348283e-08
4.2762393650482173e-08
6.0532497662511709e-08
1.6590334332858658e-05
8.3506620837853183e-05
0.00016543468993473044
0.00067061961358178869
0.0032709146946287913
0.0074373620271914994
0.0075552579565846996
0.015339513193132709
0.023189857869517213
0.051871226307178643
0.11135850083453062
0.25236952679942881
0.26502213880678738
0.35543350681754138
0.42940601241024795
0.49002133711939388
0.64407836735757229
0.70053017605091583
1.0648020742595528
1.8328693565682788
9.6497882737060383
97.937836776986245
1770.3559629188405
OUTPUT_PCA_EIGENVECTORS
32 32
-0.0015485377408447187	-0.0033144125523256861	-0.0026458761375867577	0.0030410605095268967	-0.0039416019629461259	0.0078868935432049037	-0.00060719798712115171	0.0031283519881208726	-0.0014417228514692982	0.43706698957521023	-0.032597352880401179	0.17038246423998127	-0.22582705980077444	0.16316603313241299	-0.023597191786889463	0.36954065719138751	-0.27833090465161442	0.061197077875671781	-0.053955959055779851	0.0218691853924689	0.2494332998796478	0.062713052521451124	-0.28507532144570907	0.0089129041441663968	-0.16069447545248519	0.041222343880931989	-0.1740304040704479	0.064476515110414689	-0.094011486978621064	0.35280665289820812	-0.30469697330699896	0.20929699771003019
0.0088398960262432331	-0.065764528973913328	-0.19074999169324225	-0.031386061434214657	-0.0025456522300637014	-0.0020420634846935633	-0.013209051918887743	0.0077506438098206877	0.0013124859038955107	-0.52081962454693143	0.037239165852739328	0.040697944846738672	-0.13746302326982729	0.37143173538185681	-0.18898919293284658	-0.33289500279775885	0.2856957182132091	0.019742749281065525	-0.025442006127566308	-0.0081214271619291824	0.018581511612707113	0.073377504421530154	-0.13387235521695642	0.14439339045285315	-0.11997346840880645	0.15463465641476554	-0.14935767579235021	0.1072177704399898	-0.034524103930428075	0.29508688251765647	-0.21579547208212702	0.21475319396418269
-0.022940769988404507	0.22615866772054746	0.62877906875650835	0.087749144572804624	0.025842772902385066	-0.02096769792657887	0.040952280093600184	-0.040095595691001233	0.0055345256004196248	0.015707966056822197	-0.011609097465155918	-0.25714903774180115	0.064939781276967701	0.15858716815797289	-0.10402605975098263	0.018823040997060114	-0.11676442784973894	0.039856005592066403	-0.0038767776821304872	-0.074167877189880105	-0.33599060803317488	-0.17554977479188791	0.32304832878686324	0.15398783119327314	0.016602560246412625	0.10491388949265239	-0.054740330722969098	0.057063653000693035	0.096445047763911357	0.2277503547906182	-0.13007357430168609	0.21364827005164708
-0.041185878313900491	-0.40283169435408062	-0.55550330064439757	-0.062932973432860154	-0.063902105290488356	0.046978664059265957	-0.031652610080713794	0.042933167013448445	-0.014866356783333111	0.14763680755208661	0.0086333794639490632	-0.21195900996633243	0.16149717642291975	0.057845159661143904	-0.047221323223728393	0.12476761384508439	-0.17587966344595521	0.065262613721753446	-0.07723686240705338	0.010400660305920812	-0.24850807780694312	-0.077003004135095449	0.39049410979337557	0.081426770976481017	0.090552705166375452	0.039197071660599644	0.10077455526343763	0.069674034784101502	0.19287098797431335	0.15574198488160271	-0.044687678077170244	0.20938248690494832
0.20349215651887975	0.60095074324315534	-0.16174111104127331	-0.063318945187729833	0.12284667868918137	-0.08034949630697541	-0.01645924212675641	-0.007462160982498329	0.021344353298599114	0.0021402307762519719	0.076639411869137433	0.11296340116858014	0.18046727721101111	0.045841398981549701	-0.015073757336239967	0.034399462120408286	0.03949580316512015	0.094099458793761429	-0.22379967217378324	0.21219808566096235	0.18688792076400165	0.294134633728453	0.14748146678614427	-0.054249225068635262	0.11293843084124276	-0.037871059243090498	0.3007366321260293	0.13162644306019314	0.25948769443193609	0.081943177591007069	0.038222254808573559	0.2027288916273797
-0.027499868719829221	-0.56898811399158766	0.43497924688798428	0.069267899397105939	-0.096288499449479828	0.065389090930872557	0.029428603448028938	-0.0047530917303800881	-0.013166587187088888	-0.055132206350445502	0.0044654513325713971	0.17916909723620927	0.11771213222123454	-0.015274518100292527	-0.065464656624181439	-0.026154769167521422	0.053576470050894852	0.057376571865238653	-0.1999544373906699	0.099715030904113253	0.17317412019952966	0.26520866950576261	-0.073061304946716796	-0.16221862299020046	-0.014610686514118046	-0.015252705767158807	0.27839494580274599	0.084720663287775388	0.30025634615137609	0.022576321695446211	0.10234629994282336	0.19578297130925568
-0.57415600998921135	0.24302347422759016	-0.13992763130625371	0.077120544342842823	-0.040574079374050165	0.010846591476871956	0.00020890502281169335	-0.0096877544434012149	-0.0098890199100000829	-0.0080752628782442912	-0.17840465116821896	0.044414699545696219	-0.006680378348016297	-0.11553615349394393	-0.18047953864997035	-0.061347573386795869	-0.09048443140940951	-0.030238352977583399	-0.04254507082199039	-0.25807644856163559	-0.19312850372028176	-0.077787920045316442	-0.27265318673116451	-0.24670043711620884	-0.25800202269837941	0.085248475171082874	0.081661844164112721	-0.047087497593425606	0.32013062472518261	-0.024574990480845139	0.15075198934986811	0.18870114667146873
0.71329884506825447	-0.046223580568751005	-0.021265659549388582	-0.12581003768927743	0.090953238083487528	-0.042210981951214151	-0.014028896404160418	0.012534942278491933	0.015961454189655163	0.017964753871245701	-0.097312148757081329	-0.028377033519758399	-0.094485791817015302	-0.10707317737207658	-0.037868834940804792	-0.012406994880061761	-0.019850321813796173	-0.027159636595506177	-0.11734417470520657	-0.17669391756404446	-0.19365806124055443	-0.20406316860646062	-0.24592235552813507	-0.041295088702385276	-0.2036859021548037	0.041303735335345315	-0.1246959350282701	-0.15819634596418364	0.29410341671003243	-0.044674750670094444	0.19466846965816872	0.1787147693709743
-0.25854184445535389	0.016885399881778704	0.0081206623613967136	0.046464818947850123	-0.032501624004415676	0.015646640079691174	0.0054637890952079719	-0.0043173979766222056	-0.0041119058904739965	0.010382903147720085	0.19072560710065209	-0.048047943472397645	-0.151607151585015	-0.014040158674795087	0.30258631772246025	0.10135525691029436	0.21746831225492877	0.046697220602004721	-0.37204567773014391	0.24636726130952327	0.09200723456487149	-0.1577853685964592	-0.042695768459693091	0.38613662801892673	0.082348054319365024	-0.11464143190986724	-0.33369882396525868	-0.25046280721151987	0.23274339059418908	-0.043142227267707341	0.2340385962033254	0.16668694266571635
0.0015682849335273282	0.0030211515356057274	0.0024514007609403123	-0.0023088846925498818	0.0038572591016878448	-0.0075433730844290921	6.8189979633918223e-05	-0.0033536141482979156	0.002139761736301871	-0.43126628686978385	0.036766516860337148	-0.14295038082732264	0.20914139820293309	-0.38936229446160131	0.15542173143513585	0.18522967001326615	-0.16035843506350561	-0.02350050672238722	-0.040896700877239546	0.085325268972448909	0.19888463264954861	-0.39640136985250535	-0.1857019852841397	-0.075681725071460093	0.087711057337046205	-0.041535658628193181	0.1238735943578288	0.038135378148165804	-0.040686398542439765	-0.034347054984597607	-0.42755149403055803	0.23308423836616549
-0.023182059207536746	-0.0028828042019848946	0.010760518039546472	-0.13301890824730311	0.048234351183616866	0.11265509468666367	0.013405139813708826	-0.065454753254395343	-0.061466922681517183	0.52032185996176716	-0.03826263031544367	-0.063544194260925529	0.14325729463094025	-0.076195056219097043	-0.03172348819656072	-0.46097655808141047	0.40566495574193506	-0.042623140567560877	0.0049368702105198042	-0.064998402463509936	0.057678384723483862	-0.16846522284171145	-0.092484609091209036	0.044704624430278873	0.074715111714453844	-0.18234099838053566	0.13379582172474852	-0.061450874971443359	-0.063676429263919837	-0.067741569366110088	-0.3142939393628621	0.24797601207624936
0.070529469399207234	-0.0035138521779368714	-0.047828313314195695	0.44928985625583306	-0.17719396808189244	-0.34431671513388695	-0.040446819731322095	0.23259922702130292	0.18989437840419379	-0.01553367325424017	0.0012903289061024531	0.23870616386670607	-0.074863782072351115	-0.1639055078406717	0.098463511038961504	0.00062230252350660539	0.022403368063274899	-0.05118104574645975	0.11142533403768318	-0.06528205652910285	-0.30295731906509304	0.26990856685222231	0.031971745830537149	0.20262895393765601	-0.057187227697943287	-0.26692726607066225	0.068593486708265552	-0.12740509952321458	-0.080931569821136876	-0.11556418036439815	-0.20470347882168302	0.25680022226013488
-0.054168608972320516	0.014977276884278318	0.046311625245085628	-0.4475378011249197	0.063041978935048662	0.30043877461281354	-0.045291764442342203	-0.35682142460855126	-0.24927967332002829	-0.15402706582922882	-0.003888121853512999	0.20191516994703987	-0.16258675057440503	-0.12199272496755124	0.11938124675907309	0.12225955510779184	-0.078027687026794648	-0.068732164640088633	0.14992975593328467	0.00088729682371518578	-0.22405419248251604	0.31151877354463225	0.14497693539516282	0.076565232065448588	-0.087774251966693168	-0.079918872306608713	0.013624518411663235	-0.22369935124656876	-0.078994346624295039	-0.13007724493050993	-0.10150786193219598	0.26159344361784864
-0.046077901152325101	-0.03546787512268737	0.0043312223049896612	0.023560412580411066	0.36737808147245105	0.11105266136594596	0.27038081646461315	0.41931605807069089	0.22015949235119694	0.0053198447235280272	-0.070922197551508984	-0.090945406321248812	-0.15594879108705578	0.019527095726919508	0.057031403956016913	-0.016611972885045168	0.037219177489892945	-0.092844482826698493	0.13688070329661017	0.1158328599397499	0.18524527294128729	0.053607391831942151	0.24710592551286786	-0.26111455369514608	-0.040963580502879571	0.30805631996957877	-0.032276767731377089	-0.34076423474472944	-0.062756351384013892	-0.11915176718132181	-0.0054011251365448619	0.26323073209924092
0.039473611529756585	0.012468087084694015	-0.0029567370796603288	0.051184393615605971	-0.4022083905128605	-0.37779240462712893	-0.34916961921382506	-0.31232724012441893	-0.10215854109025389	0.055300406252700961	0.0038927372858137571	-0.16260489155285221	-0.098940126721885943	0.062475984582852521	0.035891515262286358	-0.02058823293572374	0.064649816537528978	-0.013075446378330222	0.15605095617797915	0.0023025634579719903	0.22532578576731027	0.00082047104910114158	0.12034331129359795	-0.27702695013414691	0.1470102050749732	0.31364973633539783	-0.085108794109720332	-0.16967580993048673	-0.045193002571983824	-0.10867663142678291	0.081659043546143478	0.26284508866786227
0.10761259371353636	0.069463970552529106	-0.06384500390575297	0.33784034839656768	-0.084250491298472091	0.44484975026565288	0.23533274792298886	-0.018748677294517731	-0.13256340363498553	-0.0088549377421066836	0.15879000787565489	-0.05959771904627556	-0.0066541651151148006	0.029088004580237796	0.04769943049515539	0.076076560148696792	0.023820758960676203	0.14363389914450145	0.19944272195386403	-0.2817815829043549	-0.014523767269160711	0.10484672669752541	-0.17726927248241672	-0.048822627337984772	0.43817505756657843	0.029693138042560241	-0.1421817661544624	0.21600269447805212	-0.026922298828084328	-0.098696261614566447	0.16001667747779641	0.26091658502798826
-0.15036842155137095	-0.091016933102109746	0.08048362311275005	-0.43821285473161659	0.286160244649107	-0.37798765672943885	-0.13228395417123812	0.16513119517759656	0.21091486748031832	-0.0015719920944457244	0.084966090163852329	0.017673168426275657	0.088171837939785253	0.088304545352983196	0.06810684187795106	0.036745768094523998	-0.067718315983392771	-0.087550193158333817	0.1222886964258984	-0.19449240099670934	-0.036897788955545512	0.035837469396430718	-0.16615308114445473	0.049356192027457106	0.27771303812904585	-0.11401605424986942	-0.10472541618267134	0.3097887785717926	-0.097709656253030783	-0.074341777088155953	0.22936059275145443	0.25500080207101883
0.054822340084736271	0.033079146117419626	-0.029794921431203252	0.15906903718979901	-0.1049761657405785	0.13761779667059537	0.047821404164317939	-0.060459992695781804	-0.07784087386786584	-0.0079203724551549729	-0.16013143540866645	0.083757362656601886	0.18276502652214857	0.21892539532097832	0.095664776573988725	-0.1064689594545585	-0.19555646746551444	-0.60869257221565343	-0.044956270912518345	0.17371539793772875	0.10670402390319159	-0.16313382142802269	0.079255340149345876	0.046917770893325467	-0.22289144756996829	-0.14864055784387753	0.0037992835812257326	0.17966355775822607	-0.23489594905248917	-0.039532796624706178	0.29049951191413886	0.24614108792473272
3.2738105544383343e-05	-3.4153713298853573e-05	1.5787478041190684e-05	3.7763497524737308e-05	5.0248623473726027e-05	-0.0001276658789052743	7.2968217069170347e-05	0.00011240033910257837	-0.00041699160645113331	-0.0077805182921866882	-0.008085928414202314	-0.025684986736786031	-0.043112488796445747	-0.2182377089359554	-0.30559632203111098	-0.016044050735523546	0.016269968564959152	0.53915549207270341	0.25680434497932858	0.24760478120544707	0.11809634477059765	-0.16043610236031747	0.087091921981099274	0.12279460100968295	-0.31176251357679324	-0.17049590657922678	0.030696998861780723	0.12096674971330187	-0.25801777993749614	-0.0025137173231125996	0.33406541683675622	0.23558884189028709
-8.2982756166674184e-05	0.00017072459893342735	0.00019654348054016515	5.0477121867497144e-05	-7.2218643863500688e-05	4.5873739194249694e-05	-0.00045720754132488569	0.00039390789163168676	-0.00044824336138713449	0.012053089886517673	0.0153299448378037	0.0099428859486739678	-0.038079110732917226	0.0022172730912837766	0.25696081950770699	-0.38304301566261906	-0.25556070980012346	0.21286818344412356	-0.066796984065486509	0.29255745920104392	-0.17943849214747715	0.060825158643240937	0.059831002912059159	-0.47274925969926479	-0.027601647528740725	-0.24443424428308286	-0.43737055479314718	0.19929117617650627	0.09435896381548102	-0.044673344679506219	-0.13870211389220843	-0.0034064379437235013
-0.00041408486845430039	0.0067821386232059236	0.0088698416539496876	-0.018397008281627152	-0.016381454342323215	-0.027181212151785875	-0.0071515005994496226	0.11062413451220821	-0.15683341138759024	-0.010319381978341938	-0.013990769456555054	-0.015426565853417453	0.035902765550941483	-0.02200965354098821	-0.318601145496273	0.44824523390810822	0.47757121950661019	-0.22521045190887101	0.075594329875240909	0.070168339052178258	-0.022971651191461467	-0.0097696020778980548	0.16148276866057837	-0.23906552672413131	-0.10629502902996676	-0.22609498270422473	-0.31764633794948088	0.22616485973369113	0.15950109847097269	-0.15463504391824642	-0.14031300701070001	-0.01038902093045781
0.0017452244425538903	-0.023287796040353442	-0.030358354216304118	0.061155897511846434	0.055384370916913089	0.090382510261868609	0.026559616107549953	-0.37215656342668413	0.52747433152321932	-0.027328719291971632	0.0062599346966983396	0.016109091987912556	-0.020177104285050002	0.017885998479455982	0.0034845940088685185	-0.029763264979089224	-0.06289790541197475	0.051120140956589302	-0.045407343004320748	-0.38375167910526897	0.33609089811696374	0.010567511337800343	0.27913802933256537	0.11289390188342827	-0.20998863766195269	-0.09420825863481698	-0.14762093136915566	0.14224989597298732	0.16601229644844895	-0.25687032075051491	-0.12305072720332612	-0.011879479568848425
-0.002045736420283429	0.026305367259046763	0.026218913047413684	-0.10907759801081063	-0.11919410788109933	-0.15880745758237808	0.13131043775202722	0.35941142422055788	-0.55060781177244855	0.0080756054239827426	0.0047885934272174045	-0.00083101153235250679	-0.013259273927259778	0.0042576031744629879	0.10746196325679122	-0.14104282582312394	-0.17500364074922481	0.098808909201720266	-0.034433051161579201	-0.25413313051654013	0.25231210835537715	0.048436559718441324	0.14411441383337706	0.24306575650753981	-0.20267381147105365	0.12985352255736748	-0.051484980077716638	0.1719974332646238	0.13429921047499727	-0.30595890972876261	-0.1098553204795685	-0.0086957179906465235
0.00082051118106113972	-0.0095545855354153397	0.015299207040086565	0.16321864978964959	0.2169014345144164	0.23302417538495734	-0.54171542213412438	0.050886544400991246	0.068325467879775795	0.098273808358100331	-0.0333290772063548	-0.068387445921724466	0.047192505510556412	-0.046096755109591228	0.053239909991959065	0.0042587144832674645	0.017653498773985785	-0.014210668619734995	0.069652122240577055	0.27388394170854308	-0.13402118902952465	0.096713681944436011	-0.15838340835492706	0.21116578213906448	-0.11860217437151306	0.40418780906938995	-0.012749212440840877	0.27917476382750422	0.078048017075036585	-0.31505422357255403	-0.10031281170513978	-0.002461677631107198
-0.0062216703089699446	-0.026621763804710406	-0.044263232954804207	-0.077176805580221011	-0.0898993999881781	-0.26314939997765885	0.61098367325288883	-0.29532450363741991	0.10075742522982988	0.082371184653356425	0.0031922381430571833	0.063088383319689939	-0.058193579958856739	0.080212193401163034	-0.030672723168562104	0.050115918112026751	0.026091490677492005	-0.0056444394825607251	0.058879878685655709	0.3257076414104676	-0.20316365118764806	-0.062644434684915443	-0.15586814600076182	0.098060640601652913	0.011818932103362653	0.2891675289458262	0.080243417357972927	0.19214888739234581	0.053460967191395876	-0.30351710230373541	-0.088330191585897846	0.0036702824003402666
0.018912009388824445	0.085199840811030644	0.049054764336760988	-0.20943813647643408	-0.37184096057687605	0.2364411174951179	-0.16622378008309663	0.28349772077359459	0.20374627779663762	-0.027418651137425219	0.075375381677383585	0.30134648304360417	-0.26595641395943692	0.31831570736699694	-0.13061194489819675	0.027245630584632242	-0.085632912408269229	0.083056536121127122	-0.028484465260462784	0.057086249200572432	-0.056324892656960827	-0.35243946439029533	0.051068237580504057	-0.063814979278986828	0.16698146933292232	-0.08101119059146443	0.20495067798870176	-0.020679843955818872	0.051305981559649182	-0.27873011369057743	-0.075290319304393657	0.0094223551861210026
-0.021106996134664924	-0.096025597692134368	-0.040140102983281682	0.30636581879885488	0.52440860395182676	-0.17428401011642364	-0.089182428531858107	-0.22112280065204282	-0.30773718172113629	-0.051790919366579528	-0.022866297724003341	0.013928078224583907	-0.1903833607770542	0.351223064453764	-0.14086037112423141	0.047175695436328907	-0.11152059767816366	0.10588478988255504	-0.10483069390507606	-0.013761173793899429	0.0026370705311956964	-0.16426373539394304	-0.0098066467375299924	-0.068530608523624248	0.1152855877432192	-0.23535242358274189	0.17626519077425973	-0.12055814113473159	-0.017339804714019771	-0.26006682006348131	-0.06141746772293992	0.016127397205558891
0.0077948035401536782	0.037935122780152278	0.016453293484839614	-0.11744334802190241	-0.19870580296568957	0.064213471983627299	0.03715341565294511	0.08217195116194502	0.11254890997825637	-0.050965246955128454	-0.23785127974063011	-0.62766844069750527	0.069134160395056488	0.24565780679236734	-0.090326086687191151	0.095627950548235294	-0.079395537339069497	0.083692770835919264	-0.16967093805518862	0.050660928779772782	0.00036441781864566999	0.33674302378073573	-0.24742353585696092	0.032110544789097917	-0.072582504892484578	-0.23919669450012787	0.045988535994131517	-0.14087291123929616	-0.12764123818530548	-0.24620949406055845	-0.047523005620338912	0.023205930491420893
0.00035413216015124719	-0.00071864833426352128	-0.00081880143690523841	0.0021720254346945592	0.00054591322570408777	0.00087142744726082758	-0.00046229742317346656	0.0039839652823066493	0.0046901262585055314	0.0383701040114343	0.5467612062812216	0.16313592520688999	0.52217836453626199	0.09646492206523552	-0.2809032280372501	0.0061093740889638709	-0.12600173356172351	0.049058972489994343	-0.18446385227638448	-0.04252521449799767	-0.07991602068607552	0.036204140617233468	-0.060062060542997606	-0.06624436303479117	-0.13585041221706984	0.1387043659625509	-0.21031705914379031	-0.28768231661358251	-0.21115666122175081	-0.17534028417963621	-0.0334372694552625	0.032436446431626909
-0.0001579245948497328	-0.00064275985191659826	-0.0011422953649668159	-0.0031245466924966756	-0.0022143334003067059	-0.00087403729070729432	-0.0014449749780136654	-0.0026364343640388537	-0.0038271169398856517	-0.042575846522293237	-0.64250087269384715	0.30137793397706458	0.18298143451412949	-0.10707046295190957	-0.14398403682170541	0.027522188392095734	0.031203176431557754	0.17635304147581338	-0.37354797691641772	-0.045713839169399584	-0.027721976728617117	-0.0031738170480433247	0.10146699976467756	0.057223706829736432	0.28694087362674242	0.16836641612360209	-0.24916751199745135	-0.021853037422048912	-0.24085576918098014	-0.084205756983828331	-0.0052061373452733355	0.040634290432633273
7.7940046966357577e-05	0.00040642082237024189	0.00092014167579231238	0.0017452581413777777	0.00091093471689042936	0.0011400277864859331	0.00070030038537449322	0.00026448999050443078	0.0020840582925278715	0.036411886190479165	0.26624341956489955	-0.16656552151801599	-0.46606962668464536	-0.34571172468664602	-0.2430599838961803	-0.092409616345440079	-0.041236206138124877	-0.19171548271085256	-0.5078461090752181	-0.067302001262149261	-0.073667954285748447	0.082516038535217093	0.094476226422234577	-0.085379171579158378	0.038107382574516499	0.083110458420976058	0.085371030551821825	0.24159219939710513	-0.29748570434701715	-0.032580565802069368	0.026466007481149384	0.045390998067505482
-3.3584366570143566e-05	-2.4688563053113016e-05	-6.5832253038274622e-05	-6.3187390837220428e-06	8.2148531959131299e-05	-1.9520372737584151e-05	0.00012752219065974857	0.00011991085610222097	0.00079501250743450479	0.0023492973063573663	0.026885699756225637	0.020670467903310768	0.062190544537453291	0.19295381633140071	0.52042762227561024	0.21691544383921782	0.34111492580435632	0.24904611457332967	-0.22407623911238128	-0.21106445291856246	-0.18277633107172991	-0.096593031084464223	0.047324298445487738	-0.23388503092031057	-0.31598081645762094	0.099403339322136922	0.20528403536356268	0.15442817518760565	-0.29515671588060888	-0.0053165014289849946	0.045955081758807269	0.045327660133098038
END_OF_FILE
