OUTPUT_MEANS
32
1.0073456326530612
0.9721148979591836
0.94002279591836724
0.91086020408163237
0.88462767346938787
0.86015963265306128
0.83745602040816314
0.81656914285714288
0.79749904081632661
1.3291457142857144
1.3087918367346938
1.290274081632653
1.2735812244897959
1.2587127755102039
1.2454545306122449
1.233806387755102
1.2217834285714286
1.209386612244898
1.1989941224489795
1.1802579591836735
1.1972189795918367
1.217898775510204
1.2409948979591838
1.266505918367347
1.2928024489795917
1.3198830612244898
1.3462967346938775
1.3720436734693875
1.4087191836734696
1.4566981632653064
1.4994436734693881
1.5251885714285718
OUTPUT_UNCERTAINTY_SCALES
32
0.011652283925303668
0.013580760001623442
0.015917944665048239
0.017582233779274783
0.025718488097281302
0.027593375034189082
0.029313275278149059
0.033425233034546788
0.03627417819726661
0.018108031957860874
0.022408877975321241
0.026130724044953202
0.02947631076684136
0.040230585679023351
0.043813777182395597
0.046564054433534889
0.052669492007327019
0.062064511610627933
0.067562871288692025
0.006675325476345609
0.008406039367846653
0.0095236048296521852
0.0083617351473990117
0.0089379798004571246
0.018604511868623726
0.022702054723092203
0.025937566086385803
0.03961450894084903
0.037543820715388324
0.051094943308350023
0.065017366126212672
0.1171612164914653
OUTPUT_PCA_EIGENVALUES
32
3.7488721129930393e-11
1.6270261676854894e-10
6.918611243399268e-10
1.5350742080059751e-09
2.656686534645402e-09
3.2142020203056749e-09
8.8493944814163573e-09
1.5438125051958681e-08
4.3343971108317748e-08
3.5079847825929249e-06
2.2552984414312727e-05
5.8257186480688525e-05
0.00014526530054129554
0.00060183655576914199
0.0012992649662911901
0.0021382281991634651
0.0030810516851793052
0.0061852371468983725
0.010885619639181944
0.023546561102341049
0.047361435955697966
0.053027316536158171
0.064799126182874908
0.08211167430591805
0.13594447193961029
0.17254075740920055
0.26532125931866757
0.37749495420951018
0.41886848400272181
4.1810652936532069
21.139630537483978
273.5014014112337
OUTPUT_PCA_EIGENVECTORS
32 32
0.0012908622405934636	0.001683485339425543	-0.0020226167927018903	0.0048459232249812006	0.00018312538174094272	0.0022484572971975363	-0.0029775288015627373	0.0033422083857636469	-0.00047435268791427197	0.36336903888132294	-0.014000984900553543	0.17432956852840337	-0.17038012289201884	0.18670899915537101	-0.097858963425294668	0.21513599003244735	-0.38986463912363312	0.005341924639900698	-0.094658546496276211	0.052232407504553484	-0.082680573246613306	0.019740684217554216	-0.18380479238817232	0.28145172038333316	-0.052023802338969818	0.21679754062551615	-0.19878762356276444	0.097448260247623805	-0.023681616793123313	0.37527479519859619	-0.31074933253178377	0.31137634833693695
-0.0022582229771858885	0.019572588067052862	-0.16901992810922917	0.045974139954529238	0.034260575540240631	-0.033939194086754894	-0.001331043249502112	0.0093628349985428495	0.0011344069702671081	-0.47800095024529693	-0.023405843328124346	0.0072827768123979054	-0.061966197128393102	0.20676204479986027	-0.31632761496712958	-0.032316741284919376	0.52886538603474342	-0.17813613471522993	0.054845195473239183	-0.067738755382181243	0.058861651986373033	0.053660218543121634	-0.0064511266375952116	0.001510196971460729	-0.0024539425997300284	0.084993438511286268	-0.20511003684485074	0.17642081842439403	0.049827434711119764	0.25087743786991484	-0.17721498112676132	0.2950644664374622
0.0022372428869380677	-0.076954027390881266	0.6045653387880574	-0.18517279861642486	-0.1208144649989704	0.11166490383625322	0.018177823439755502	-0.04385675083492864	-0.0074080418946779044	0.039740887172278229	0.081992364981690227	-0.22889895552382911	0.06451605665183914	0.07182063513315147	-0.1218410444062409	0.027694269807872141	-0.10326903843065396	0.06721608495542726	-0.030312117650615981	-0.18999954239047501	0.02749467709975633	0.15914118836733437	0.17094531059966661	-0.46804546686485565	-0.013849216795121477	-0.11481680969346529	0.043635403810579808	0.15045666552722958	0.13318624083340427	0.14031055398175976	-0.071553373605238599	0.26878995634915581
0.046936750328905562	0.21908691511392839	-0.58760177923707346	0.22756494018594209	0.12915615162799354	-0.1113551793149468	-0.019484712298372443	0.046556147377767663	0.011740166929695789	0.13513233133023952	0.015094348563297597	-0.16568898773360682	0.1763202898114565	0.012686533031107618	-0.036630308307916755	0.082264335745042896	-0.21997090839108957	0.018154066377826013	-0.11711818515598181	0.015213547938914473	0.040259463554552094	-0.020986555375970172	0.24942010145309257	-0.36141235635045127	-0.037865716081417186	-0.16677439758507284	0.17715059636092007	0.14826286201587913	0.15941282595383616	0.05776452599864413	0.019071125219191319	0.25766158882551177
-0.21245655472618794	-0.62718979650661333	-0.027977928023495208	-0.19013979978799714	-0.047076627987537395	0.0076217599269181053	0.0055328190811228918	-0.020337113356480592	-0.0086543148074726076	-0.015023544212385689	-0.13346354524515497	0.096853938983341353	0.21523023248235384	-0.00016839172740198781	-0.015186870897559931	0.10062793522347983	0.020072728471851126	-0.18209995206698906	-0.15453437647120061	0.34832614743538021	0.062838245362939693	-0.31008276507449123	0.19066167184134344	0.12880224790538028	-0.053248689171091115	-0.084006218453984691	0.1741298034559389	0.11783586299743465	0.10594623875825612	-0.009556670170256909	0.078397110330887532	0.18517048642610009
0.028015960226391023	0.64561200451440903	0.34757177016921975	0.069131888502342184	-0.029639763623556969	0.055697905142713562	0.0038790459137550194	0.00044902252996543952	-0.00080843047576324657	-0.054931154350218864	-0.056974172449992325	0.16566523908593611	0.15822166687077244	-0.066102439171312741	-0.039238798931312047	0.053339099626568499	0.058158865943994532	-0.19004867569461159	-0.16010892440575827	0.17253114963872754	-0.041033010803184673	-0.25612515735837538	0.14345244236333207	0.29660842556854072	0.024505473667036821	-0.049726479937114328	0.18118584053082271	0.11513467309128352	0.11762452120517317	-0.051322038433641075	0.12808526614096785	0.18040716615809299
0.55850060149547998	-0.27684537192516206	-0.036960835633652628	0.051978063968652725	0.039737030539861176	-0.018567563177827519	-0.0046549781986714662	-0.0057810691269288292	0.00874859486798003	-0.0084998288794298667	0.1987466110526997	0.11525671460296663	-0.012858072282369962	-0.17974654259882861	-0.092472760168891721	-0.064460088829512444	-0.020706783120902312	-0.046692648043790495	-0.11548407629831961	-0.4203432838614124	-0.25704112983951222	0.080284294294929309	0.052736611212086094	0.2817754304801709	0.18664620493655817	-0.019302287284431969	0.15966443240958231	0.10390098889807295	0.14893293481431966	-0.085132743366493679	0.16680077611331817	0.17662541350477998
-0.72921097495837817	0.061951004988140379	-0.11127280182123497	-0.098238725614006581	-0.036156048639045459	0.00058882543867438139	0.0047452248025086161	0.0051144007353473341	-0.0065733902785455843	0.017549539892144101	0.11823543550048937	0.013769102780629342	-0.12928469828110675	-0.095489897778361921	0.044207339332102732	-0.058191746270043976	-0.023778698047994311	-0.10684516047404731	-0.11393321372091512	-0.31330437544241263	-0.13235462526603317	0.22282552783514065	-0.1281221688065457	0.093065776413936624	0.24129020507185905	0.074539696670242322	0.11338730476471606	0.071111837753016646	0.16526974931125737	-0.09643712225011343	0.19032743684288686	0.15948096289760993
0.26383574787526443	-0.022492603802828699	0.041018189836760963	0.035879496672714187	0.012456176201073031	-0.0012138628695867321	-0.0018998462793848364	-0.00088540005510198965	-0.0012500233054763509	0.015718211133056353	-0.20051046101755793	-0.11345624314228095	-0.20553388235732137	0.12102414754156088	0.3166799309360887	0.036001993907097948	0.028731443720133681	-0.32680513665722571	-0.15667313757965148	0.28420122680286453	0.2260862985288391	0.22649916599562589	-0.37290934041853607	-0.20023404829432995	0.23313944243799681	0.21500652810783555	0.064186122085718153	0.03227843393779635	0.18527913095771517	-0.099245369074757603	0.21919457284097996	0.14990508114225337
-0.0015819105653991149	-0.002007591630687765	0.0025114255146875555	-0.0055751195017459051	-0.0004566329987682723	-0.0029120706926304041	0.0036347043135454885	-0.0035241196960464939	-0.00084210671815627622	-0.44018725663959229	-0.0028070026038435818	-0.18446977498729583	0.1671249670182002	-0.30171239122378662	0.32556339407247809	-0.090182743494007192	-0.19950782329410346	0.044603947013702905	0.012771732980275639	0.10518823570176675	-0.23442303179855611	0.03035130972649893	-0.32999173566767864	0.052747249589215076	-0.038159967238850387	-0.17797159778853427	0.1680540906772052	-0.036396172997542844	-0.19208839256242818	0.044129308265816382	-0.37198010007399424	0.28026677086144136
0.014546120240169318	0.013128367551453557	-0.046358520534497828	-0.018816363407150868	-0.017578348775050611	0.16207263726900792	0.076313588130306087	0.00015348048821481013	0.0046168397293180627	0.60663681235743983	0.050035532383646927	-0.045290748755872037	0.1321005256345481	-0.16592019179785109	0.067643095272708106	-0.19924951273927402	0.51969191678291982	-0.085334045459375243	0.11031427975152754	-0.0083670810681967991	0.074817847578995386	0.038035275340332665	-0.10193720772685075	0.015651882666285276	-0.013727523272263436	-0.087835779943488831	0.15612394717153275	-0.10778557032247293	-0.1848766069696807	-0.01902391396520952	-0.216499084925246	0.26510694320407424
-0.043578950366561467	-0.035720672438563354	0.1487477001369571	0.094127261358578393	0.063521316395999394	-0.55601831809272551	-0.28497879115559027	0.010644931420900247	-0.0044107165277094086	-0.042500642549116341	-0.081086741660526221	0.27115927804532647	-0.10376665304101554	-0.11207496815854591	0.14835160362886832	-0.062179841701186372	-0.0251753098221877	0.11116087214020037	0.024555848070286563	-0.12716480935969082	0.4474765030611077	0.093009136134635712	0.24374540503972117	0.03327425375275788	0.039996104618964107	0.050257083512567691	0.066869022005044146	-0.1518164696886167	-0.16057178090193586	-0.077527220730982546	-0.10098780642927385	0.2595837221284843
0.027229077011336335	0.021243272243959051	-0.11932412680046113	-0.072316505113674878	0.077323525579359648	0.5798441106890444	0.3581123110834476	0.010108561592439417	0.001107906032813585	-0.18104460720970103	-0.030039504970534824	0.209941990862308	-0.22085865572085228	-0.014739068625440884	0.12867183498391935	-0.036009571493730491	-0.14219828222311506	0.15132902692745162	0.08586316087577929	-0.0046524274402180345	0.21891724808660021	-0.0039687922964981269	0.32827619089615845	-0.017259191062674102	0.14248150196485881	0.12257771952422838	-0.01215032507485631	-0.15991094747804163	-0.13249433305296618	-0.11170038475996046	-0.0062304715960912124	0.25798212605066717
0.063688566686943129	0.056308932769815037	-0.11940714801875978	-0.10264177528548575	-0.57748697659005854	-0.092418274675605441	-0.29265164789420534	-0.078546527472811267	-0.0013943500777774732	0.022557899269343044	0.14004743374902498	-0.087765898853430085	-0.21235291049796109	0.094888717300891379	0.030270614672627635	-0.069645592223656114	0.026147984700215923	0.069079217037784163	0.20248582570084619	0.23322809197301009	-0.34900658138875379	-0.16924159118442605	0.18980851312892758	-0.094015540698490219	0.2274750957302549	0.12260256248250127	-0.070068050939437826	-0.11568952000962365	-0.081398034562581517	-0.10504627285372051	0.062482078577909252	0.20890454506365008
-0.05760104340202616	-0.035861011559457229	0.16560580518305532	-0.019253161664810631	0.6744873542733032	-0.21073501227684416	0.11640038006460444	0.075487212633253434	-0.0099829976849765308	0.066826631285109336	0.05869969487503568	-0.17910468082766998	-0.15011046553495502	0.10249518072231396	0.0092317919322192597	0.0047974720922248082	0.069806941909122483	0.10930274102256529	0.1901434986331218	0.11120528627566174	-0.32577730981160902	-0.29219369606746209	0.0045686618913768273	-0.074712866874407965	0.13544123716355005	0.067885553527500336	-0.10021160497856277	-0.088532402450689093	-0.021268670637986011	-0.11608231829224658	0.12123384144609579	0.20943659126389119
-0.0800109221191906	-0.11618595691654231	0.079850509720665847	0.53020361109060332	-0.26736076804168679	0.077580819870994314	0.086563401687190816	0.010993992939090274	0.038405407843138589	-0.00027176844744747884	-0.20515095446037157	-0.14494043187163619	-0.016549941416564917	0.0352826999224711	0.028417113513971071	0.17051934965288615	0.039662710621484604	0.22573529215993954	0.066075920037236738	-0.29363448880533749	0.12388863962573385	-0.38906744729518877	-0.27156435692581171	0.021928263047591743	-0.1171565086219243	-0.04855910796167618	-0.10895996975553295	-0.051200619177965645	0.06710842808914555	-0.12608688131708617	0.17632305087382216	0.21303571690566803
0.12779030141124509	0.16383412807120279	-0.1752145049993489	-0.66582929465200158	0.034812640031074357	-0.0059941619830317433	-0.16315791060423845	-0.045410933473251522	-0.048277705360998895	-0.011328227411269858	-0.12314659597305293	-0.013929869845993341	0.1410399432693307	0.13193754851422004	0.0035439661267788404	-0.056785490159435688	-0.054501198793660117	0.16399214553535557	0.069581339341354617	-0.21178599771874729	0.18059780945207721	-0.15028606636202041	-0.2607431935747454	0.068499182219619259	-0.24768241545832231	-0.064651100615886956	-0.10969255537588166	-0.042372880868167435	0.079737921832208333	-0.12189864084317005	0.21424050966453365	0.20150345836478858
-0.050208653483431044	-0.064260440740357208	0.067855434889798102	0.26120902491321774	-0.012951741459868358	0.0034615202999197753	0.063995957800587047	0.016854520549225045	0.020440282400881898	-0.013364514046069642	0.18981173369348714	0.16802023099393679	0.29069476087960239	0.33038620101637922	-0.048897026406373542	-0.52535679560546644	-0.17761336048810003	-0.013297823812930589	0.16260862328316933	0.20033585205845009	-0.048707788375763936	0.28674630305688814	-0.049609063527241801	0.072334578191439472	-0.27117528511996108	-0.0073506060165826215	-0.1047432311733916	-0.0552016990304579	0.036924441435962026	-0.10849189546991865	0.23415435157123363	0.18136098656762206
-4.1239860443625905e-05	3.5346132684565602e-05	7.5350676813005585e-05	-6.1027636313380666e-05	-3.7356312909066218e-05	-3.224386617956872e-05	0.00013033177432190455	-8.0256162800162469e-05	0.0021538067369586832	-0.009779128134709934	0.028735299714382729	-0.039768586267527821	-0.067057946906941765	-0.44656585857526737	-0.25713693875633598	0.4204844884611762	0.10733573678228786	0.22897056136365085	0.10054366658379764	0.31243258321626699	-0.036944632242291706	0.41894512800746175	-0.010958015968377271	0.06921652392248992	-0.27483665949656311	0.014744158326372683	-0.099425328498527782	-0.048533921103423562	0.030262501172529821	-0.099144299302056177	0.26036113798315041	0.17509591951236458
3.0967716976727829e-05	-4.5332397749827384e-05	0.00011010637491431299	-8.3717478094425457e-05	1.5238634859856767e-05	8.5278596408309396e-05	-6.391016294190597e-05	0.00044640288909457714	0.00036100836551771468	0.0052192852451068616	-0.0041069935285012191	-0.0051320749141609435	-0.020750114566036017	0.020673762568870494	0.017557199397126286	-0.12251650686432564	0.12145004101089617	0.28527740611573249	-0.35677464356114208	0.12755715221886996	-0.023258135188506324	0.04229871079692378	0.032803437398896435	0.082338827172493592	0.11201242885720084	-0.19031032660345207	-0.19302985415097282	-0.4576853927903437	0.60325179895838987	-0.028083455326816883	-0.27140299310060201	-0.0035026590924619469
-0.00084919270028370616	0.00057592736852873341	0.0010910838167671516	-0.012598137479443827	0.0047411894159016315	0.0062127672885702017	-0.015918600962171073	0.023180713207015015	0.21082067611530722	-0.0047963837217191172	0.0067473837234050338	-0.0012683088033103862	0.024377591765067434	-0.045814145281657254	-0.0073059684779697865	0.197658431248804	-0.15500664796255406	-0.46143592435784103	0.59550632864360742	-0.11122609515275327	0.033636524467310649	-0.0039430042168981045	0.056868615757785311	0.037060023776985314	-0.090762873890736132	0.00075253371620030219	0.042979887682138937	-0.23279048050749648	0.40201827113861449	-0.1432596314149486	-0.2371303496808897	-0.017397497241725072
0.0027070650640740319	-0.0017550366070556663	-0.0042137177926085435	0.043154357257651273	-0.01630495723073325	-0.021857620208440339	0.054635776777204693	-0.081424528272809424	-0.71876220019216053	-0.018659152209371827	-0.0039965078067913662	0.013576963903609922	-0.0096914234191148845	0.0067218139771510607	-0.02275543102223062	-0.0039544792306555913	0.030135202455894197	0.0044760392098991686	-0.032462940684656619	-0.057052147190700786	-0.099486054919057057	-0.039961321980197584	0.023058299542950411	-0.084545192041342657	-0.29853061122407953	0.43064879197064759	0.21602433098935342	-0.0027956412145251561	0.1451603343686213	-0.23953217452653575	-0.21304271166617134	-0.020304048151725509
-0.0042356848998586407	0.0036479944763344735	0.00036439640049163976	-0.030236857447315853	0.025198522874548226	0.010924787050360514	-0.032707072552141905	-0.062278497380415195	0.62307264022287456	-0.00096063176796402981	-0.012427446372126803	0.0018292830170094354	-0.012642926275731969	0.017307915213322225	-0.0044778957793334137	-0.065716314967047426	0.067451814410570882	0.15769283506814336	-0.21594510290225863	-0.0048783043102109012	-0.085153776451963786	-0.026333477915493442	0.018684756163258757	-0.072884376144700391	-0.24374370581562799	0.41157640118118199	0.086438134883025555	0.24348835390021797	0.03678277220707242	-0.39117755808007071	-0.24541678576667442	-0.018168876645438772
0.0068739244885754926	-0.0073976519369529118	0.0097016211250439965	-0.011098919541183047	-0.039947940240422031	0.02003753010436465	-0.032030412084260253	0.40458765231530214	-0.1981509791847425	0.064862722096309861	0.046480880466659505	-0.04985411773888495	0.028330033805633009	-0.026307063268158428	0.044379116744773989	0.012242979551492542	-0.047259245723496275	-0.0001689378193252184	0.058194164861240606	0.065428871618418025	0.11156771160471471	0.049371377567415886	0.032116801985479802	0.10113336870736465	0.18482866184680966	-0.22049261979535509	-0.40771515787137619	0.47379478015456422	0.017215914593463	-0.46704725374297895	-0.23078709722479249	-0.0024582226792604005
-0.0021758852332828377	0.023711446295024918	-0.027729058155838072	0.019782117535210433	0.020297452075295604	-0.13164371616589504	0.22581567115365353	-0.8197391243147566	-0.040556590390686577	0.03252727352561649	-0.049349336755316824	0.096670188248763944	-0.063881684099081015	0.081782679009495818	-0.084827358184391286	0.058207921177553232	-0.033780586623054616	-0.020073185808934232	0.043997067474765082	0.038227518083596985	0.0081259648019432577	0.055535514425081096	-0.056779958886879367	0.0021127470894385142	0.12412194295298154	-0.29292822575594363	-0.090407550435468789	0.15028908823750464	-0.047684974227805918	-0.25329700359970742	-0.10934974473565534	0.0067382105495309751
-0.030849425424290807	-0.037719855325155947	0.023436543880447802	0.10178020344127246	0.16208239435836497	0.30335478257555126	-0.49858058303572861	0.092487939673235625	-0.032102588653762809	-0.022926797329690163	-0.1498461056259818	0.28132352944117933	-0.19287084564972343	0.23840945207808387	-0.26150534897055139	0.10515847040860114	-0.0018338571014278539	0.006796781996358422	-0.03895133702080987	0.015460480815812984	-0.14250599299878125	0.067827440300293196	-0.17017352562551274	-0.14099923083904037	-0.0028183831588032802	-0.30812327189050626	0.29100486083065813	-0.10053722416255062	-0.12405872497099842	-0.21518066055345836	-0.086608915857096389	0.012769210867207552
0.040594045307896391	0.035749240980133157	-0.015159143245977256	-0.14244981752209068	-0.21903633658293534	-0.32047164623765034	0.5224243302202709	0.3128248135139492	0.058319189630660372	-0.0385757570110919	0.08529484799547786	-0.042918259480459277	-0.098084629521154945	0.27265495185263916	-0.26756038754802847	0.14739229764299477	-0.031357572687847453	-0.049755737924595547	-0.13529145181561111	0.0064039380303599555	0.023068226714336892	0.049623252278368439	-0.099200451539353848	0.026439168521784816	-0.0034422986778292418	-0.14430350406497663	0.27688508500236442	-0.22457061889342611	-0.1916400477826371	-0.19792224117581114	-0.06431356637850609	0.022359496072562064
-0.02054957451456841	-0.018939795128557615	0.0091832535220739593	0.071118652947358363	0.11232963900532433	0.16337009341977593	-0.26199403338578081	-0.16618256280690277	-0.02307364339431791	-0.049385852521030546	0.40327255369313381	-0.53236356467819779	0.10603228059237949	0.16515333818732769	-0.11496073144572033	0.13719552269206828	-0.074885863210899226	-0.11789972355295371	-0.17760658578391636	0.0040674829589392924	0.29435797381179851	0.0065932453662465298	0.071269711033890015	0.2952807767864874	0.056433184032148948	0.10869862032087083	0.001172329800489573	-0.19768783235244813	-0.18543940311561044	-0.13778713072852386	-0.028771001708764867	0.025130976228032609
-0.00013306340969909054	0.00027263299742128839	-0.00039066548470750769	0.00097979921967408334	-0.0015926649271148885	-0.0023504592508017839	-0.003137134945751842	0.0043716385120203538	-0.0055501039303994778	0.027308506935827804	-0.51936049530993122	-0.038793174528584287	0.47544666236021288	-0.06336589899096616	-0.23954057404539097	0.02534883677347876	-0.091133663719783847	-0.13207296289007756	-0.10434952284625891	-0.11765794579154183	-0.18811212865554833	0.13900946133703426	0.075024282215161123	-0.073977810250537415	0.28634732644116873	0.23264536749510284	-0.24339608923770079	-0.25689426849535357	-0.20483132982161953	-0.13446290919233464	-0.012890957859214345	0.044818281523470414
-4.0445451081118885e-05	0.00033644744410871484	-0.0017530844454513518	-0.00053125939736951811	0.0019585404477951108	0.0029485669915112786	0.0009016398736217937	-0.0035692009947600389	0.0058814823654465406	-0.040735299114107004	0.49823709848985154	0.40963110403103337	0.1657346404323965	-0.17115603107253538	0.032899522001939269	0.18716238729740584	0.012104777296905437	-0.22784332896722678	-0.22396223677148713	-0.03134970475458055	0.011697389267333424	-0.2204213762681852	-0.19816785740777296	-0.38990541792183497	-0.029141126125450747	0.040535949330500587	-0.31096569694491022	-0.17227659939872253	-0.091334957510187581	-0.076990731726626432	0.019401387912722022	0.051251189369364375
3.730612151028252e-05	-0.00023564829519896662	0.0012934170585844854	0.0005731240571357145	-0.00069025649215409698	-0.00085254030616253049	-0.00019796430357157528	0.0013426828690489151	-0.0027891605792126433	0.038863019977168491	-0.18283003597978109	-0.18795428110999671	-0.44066331224900185	-0.22127978138176707	-0.069056232722876865	-0.29721337632711198	-0.11006582112942445	-0.4150813746104931	-0.26666171317423665	-0.073267398959954128	-0.087336341529273304	-0.07157461929940874	0.15987607895855718	-0.013707542607004476	-0.40383333285622053	-0.18532713583512253	-0.25190567998356261	-0.10133691222288387	-0.11885626741709826	-0.05610273931182324	0.04988299255119838	0.056315828118014333
1.6285216730996306e-05	4.5419828582924617e-05	-0.00019773097593632483	0.00011218883935790148	-0.00028878451694554344	-0.00049807084961739736	-9.3634524154324902e-05	8.1237396525142658e-05	-0.0025351825662710973	0.0010210645352392569	-0.04266001499621775	0.031411859336715246	0.088036776731337071	0.35716891491451602	0.56183863293562553	0.37787025633713023	0.21207257132397811	-0.065924732399740393	-0.10653548925420472	-0.16902444914707079	-0.27688595648356557	0.23517431090148871	0.26256787963047096	0.089587367589289313	-0.24294492538045864	-0.12851017139301998	-0.11899451237112298	-0.050276720844874855	-0.093980593089584175	-0.028327318462534196	0.044640469366944539	0.037205615574508015
END_OF_FILE
