OUTPUT_MEANS
32
1.0055157804878048
0.96969829268292684
0.93707873170731693
0.90765768292682913
0.88143548780487824
0.85702231707317089
0.83441802439024382
0.81313773170731707
0.79318143902439031
1.3268251219512197
1.3058658536585364
1.2868404878048783
1.2697965853658537
1.2547340487804877
1.2408176097560975
1.2280464146341463
1.2150819024390243
1.2019235121951219
1.1905155365853657
1.1804173170731707
1.1975190243902438
1.2184082926829267
1.2413973170731707
1.2664846341463414
1.2926448780487805
1.3198773170731708
1.3465324390243902
1.3726104878048779
1.40923
1.4556673170731709
1.4976829268292682
1.5234690243902438
OUTPUT_UNCERTAINTY_SCALES
32
0.0067590999281248575
0.007274900466849899
0.0078214902540528989
0.0084448987338687168
0.0091450287109341669
0.0098972172373039003
0.010701885628583747
0.011597121794329996
0.012582963119509563
0.0084813445275048853
0.0093169370329510177
0.010216920630882809
0.011202895773988902
0.012275068430736075
0.0134434159238551
0.014708731567425378
0.016076861799447388
0.017549408481566529
0.019190058434452407
0.0060898820754420836
0.0064435763814556573
0.0071863501971555317
0.0081199491813151205
0.0092443154039224384
0.010569572202511758
0.01209580523543977
0.013820823160746344
0.015744532401496255
0.019065565995981516
0.024428206319936294
0.031043529921332726
0.036965654787286424
OUTPUT_PCA_EIGENVALUES
32
2.1410203507854225e-10
1.1424666860407776e-09
2.5440554756455944e-09
8.8959857289041336e-09
1.3459519800570809e-08
1.9939125064393719e-08
3.1574836196514844e-08
4.4423916532814099e-08
5.0431114121932411e-08
1.4405187178124332e-05
9.5760590439408484e-05
0.00020860530928749031
0.00075980780378330428
0.0024661229964225762
0.0051235127851904242
0.0077985507115966909
0.018291674961699617
0.024742356168869082
0.0585474547982014
0.14805451624283184
0.24353688830845496
0.29577233175712675
0.40572223557547982
0.43823286292599151
0.52226789710985166
0.68393531902753613
0.7691139280217697
1.1001325929178436
1.7457710602616303
10.59322195992614
121.68048170436957
1888.9560591368984
OUTPUT_PCA_EIGENVECTORS
32 32
0.001965859278288564	0.002670830433756126	0.0010080930458324221	0.008957320335036708	-0.005972544926083765	0.0037104242943184194	-0.0044554506866380196	0.00079322175560907486	1.2240794089315033e-05	0.44224344871198984	-0.016237575726538118	0.15700850969076566	-0.23616318312013634	0.17149125254428116	-0.35692447859648868	0.044238070869146051	-0.26750575683665667	0.046591965713501771	-0.079585717530160444	0.042909072213429947	-0.1240341340687629	0.21822416709761749	-0.1129360943290513	0.2211199020741742	-0.20380810935796115	0.031947067475884661	-0.18504802388146643	0.052542194565479428	-0.10436937788214697	0.34453441175084026	-0.33170013106241097	0.1976488916412962
-0.010898197642808357	0.036786526922294671	-0.19146390710707734	0.058549621205711486	-0.010824283273727446	-0.022692226139860591	-0.012617076973553517	0.013520032678420028	0.0093170963091873983	-0.51184523035555551	0.00030023280026853503	0.076877052437901369	-0.11647374357075539	0.3765171062199687	0.25198097205557418	-0.22794503009187081	0.3583599349428061	0.0093922466615661317	-0.044592844157543138	-0.0070748812506488982	0.0026368294626683757	-0.05565086499113403	-0.048016975021356476	0.1108383126250036	-0.18286360178609506	-0.10085956071892649	-0.20755023702489436	0.067849595797299808	-0.042643153808123752	0.28032161202232397	-0.23747733506814767	0.20584063782575912
0.027932564799166826	-0.12944909511441804	0.61569838208090766	-0.2230178589331501	0.057439271228500018	0.062694610327180683	0.052911665774601484	-0.050647029787167369	-0.030462071777803572	0.010635003379295719	0.018599009030869244	-0.23930396820747302	0.086307329742558017	0.18361988868276849	-0.047259311500054697	-0.099390469788429608	-0.098025002524093519	0.030298247586747724	0.021043526219971954	0.082450870735392118	0.18361634341645017	-0.32893309234212809	0.27264056296503864	-0.24890276230520111	0.039130181670555667	-0.044972358651369247	-0.079186124501909275	0.069379040605434691	0.092611096674280857	0.21152074187545364	-0.14916979616346784	0.20722886267996996
0.045899068873850563	0.31135908868589102	-0.55375692534661569	0.24113003121941387	-0.084141126545171571	-0.081147947942807774	-0.064200424666927311	0.051636189441947256	0.026110455211529951	0.14272686500227497	0.042534804915027175	-0.2001289673262315	0.17540804551441111	0.07553953605781373	-0.14073281200508839	-0.028162862400811374	-0.1825282191781023	0.043436417604649086	-0.059639451487429301	-0.021568376792708621	0.076059534736806253	-0.29233419168420172	0.18114221734744226	-0.31266176539430102	0.14314233541980156	-0.067546953025092796	0.062896833840825478	0.07552414847936452	0.18019402979147109	0.14707543041531859	-0.060641511958270056	0.20539917034023628
-0.23329507996325111	-0.60556248818187508	-0.11792318296548192	-0.076447343915249127	0.08797780925770704	0.068580998982846142	0.047344684844043292	-0.0036531858880068666	0.0073823754107318262	0.0021677386205110026	0.066381614896567243	0.12719705222687716	0.17843388248302572	0.033877584538967727	-0.070263024074726205	-0.0048669498473339172	0.032233036954761519	0.049945830851662966	-0.25458944483856877	-0.27711530745512852	-0.25821254767656082	-0.010096673183560095	-0.23604175587587586	-0.13929529156826781	0.15065603974658198	-0.15169734609019506	0.2126150520305673	0.085163432169953077	0.22766260960463408	0.087753318370291433	0.02583258203392215	0.20105981625306638
0.06085838036769959	0.62377965710618288	0.36512230348060315	-0.036276619775855092	-0.055884812866296922	-0.024520901959942918	-0.026643733521630641	-0.016948131262269427	-0.016198778500445026	-0.051788156626823005	-0.016429003930207069	0.18177278661249502	0.11104231309737457	-0.036099734589766709	-0.0072683328525656263	-0.062858782924903281	0.053106013905406528	0.024931134665551018	-0.24025124224523814	-0.13784656137840726	-0.11740267829789632	0.15131106959587509	-0.33319571358982503	-0.039940881946948559	0.060316728410430967	-0.14860047263611373	0.19721206137485103	0.052200980668573781	0.25942431755643008	0.051458522718147964	0.092632829575111861	0.19653321416020006
0.56304199999911542	-0.29035202870777138	-0.07100784572330629	0.082597044532578504	-0.02273953012257101	-0.057020550198424481	0.00041102125012275966	0.0045222731383357546	-0.0028097224701115714	-0.00093010179506451142	-0.17978296890213505	0.022871515559864299	-0.0096788036304439086	-0.12872160019904108	0.047176674625168967	-0.18453142780137824	-0.07908177459273058	-0.02465269405084981	-0.060945118939350618	0.31088451513198595	0.39604837435777829	0.21498671769679717	-0.17628404983806642	-0.00038098740751872574	-0.10590061972740625	-0.076574629706273128	0.051809542402975722	-0.013927818769064933	0.27837548027776488	0.033861014295930553	0.14292781685820513	0.19191696340562314
-0.71316884216547993	0.079846859721997274	-0.075074209683297699	-0.086470948135899256	0.051099788518490757	0.079332056367453718	0.010792656796993625	0.0013066138913024297	0.0086328909364885072	0.019528479898939653	-0.091747690724289829	-0.050407300255289195	-0.094464804082234052	-0.11573766256721599	0.024063835373821087	-0.038610440604949448	-0.01518706697290205	-0.04573486919383845	-0.11308283866446292	0.23691005167445631	0.35227841213581823	0.12022190541641899	0.052156810995201017	0.073294739558794758	-0.17485940913088796	0.069533943268834483	-0.074164423420111342	-0.12752351073606275	0.28846718952562067	0.013858159042278519	0.18701853743789848	0.18340760383619653
0.2579652085889132	-0.028901761557171522	0.027920208782554676	0.032210086071059497	-0.01788715852537626	-0.028225139055931804	-0.0037813142805656684	-0.00079077903537360186	-0.0017902404769173654	-0.0013364924051635163	0.19349659192141874	-0.051119976743384275	-0.1491153069783529	-0.020657184158163609	-0.059473948340639862	0.31441474895167781	0.20179204901498179	-0.044064768251275491	-0.34608648733233732	-0.24660991341146626	-0.12884854429087109	-0.097159638564878331	0.33195682954590816	0.17221469051033328	-0.16582224920433028	0.2707449947380649	-0.18210789456129817	-0.27596684254958437	0.29135337101360148	-0.007614938616852418	0.22527700823897168	0.17201874131669112
-0.001938474012925098	-0.0024769267975513825	-0.00090780597123581316	-0.0084423085695512316	0.0059246470743509463	-0.00355782807047632	0.0043803369994322222	-0.0010094618710212832	0.0005133357957560643	-0.44333356530271822	0.037485212852195714	-0.14726889733941625	0.19565180260060219	-0.37629757289936488	-0.11274894794288259	0.16366022603210156	-0.20067985704901267	-0.039233914997908556	-0.0059539265886176538	-0.021825638991681294	-0.043046804756912596	0.34525010956082897	0.28451118297214856	0.13001728483511826	-0.033523890798062214	0.065200488704422147	0.19306178662574117	0.12194546592946784	-0.01388289383346643	-0.044402127909575602	-0.43559876845533191	0.22401119079248971
0.02216333565804094	0.01458846761607701	-0.035556251417069099	-0.043212760902999935	-0.065151472003532232	0.13006276693791824	0.0017021279516056054	-0.049442237539890868	-0.12237319899511341	0.52085957215143708	-0.025603406999059389	-0.077683308816986707	0.15287214717835657	-0.10229661997770886	0.42228147975757896	-0.10687102785851023	0.43787531013984848	-0.043899121822596428	0.015548810706824671	0.016637784436118956	-0.011231017599717955	0.047174539016763578	0.095073357284093288	0.085108987261026781	0.001643431969764895	0.14615375181601548	0.23153319414682377	-0.010337215463168979	-0.04919523082679169	-0.083875337438069034	-0.31664844736283759	0.24166937094571031
-0.065567779070449195	-0.037641597090651402	0.11836590205132881	0.17508289987904313	0.19093925164108377	-0.41753295850581362	-0.018327925787676929	0.1707768370319436	0.4012231025843922	-0.0096437322053686061	-0.025425559781983225	0.22202441748164142	-0.095891213353756666	-0.17846107956099677	0.025063882598462386	0.092755115518182205	-0.0086214608517101582	-0.0046890239900994994	0.096178094534700942	-0.037833194443008041	0.13876979313447269	-0.39734861515956343	-0.22912818534992008	0.011544981340852089	-0.052666601055142516	0.18314989857149899	0.13100789872645066	-0.15209694052819533	-0.092707077545600119	-0.13190577016368604	-0.20127092092011178	0.25370451357827289
0.044168485347051284	0.018174533858010627	-0.11575457976919859	-0.20215196778138431	-0.23627522166391823	0.28380071608034002	-0.069345727346440997	-0.25272735932125123	-0.47813010293196789	-0.15305657743939308	-0.027968733099501996	0.1865266484490157	-0.18318619970980501	-0.1270319811223819	-0.080987105932364092	0.1335119463415631	-0.12357724760865417	-0.018749937129442767	0.13826165436986965	-0.051106729635182917	0.082973365464586321	-0.28789003619605635	-0.23167412424560144	-0.11786611402216753	-0.004187042997819611	0.039501765796116008	-0.0022533435529278911	-0.26752775491149733	-0.10936365576800919	-0.13940518247230033	-0.094320294035213567	0.26189964185823478
0.061904373481957833	0.058426702331395644	-0.0010554689777128618	0.092445831952611135	0.17194409056254098	0.40428668206321611	0.2835540595651212	0.27724748632319396	0.28867181315646223	0.0059418775587280282	-0.064011023618415472	-0.10397807933341882	-0.1520797801506179	0.02310487452621976	0.037161394733396129	0.052079022697141666	0.014874628647489549	-0.072708795850041363	0.15059010884395668	-0.033178158622483307	-0.12838504924882485	0.23975964299322991	0.0097113443893663814	-0.28694894765765727	0.1214794268987217	-0.23844533105022367	-0.15734183579044414	-0.36052314544496356	-0.1053478633542507	-0.11601057253282758	0.0039655089077873327	0.26699778248469319
-0.056915256816819262	-0.049107828326910546	-0.0053893327319330907	-0.18556795598606038	-0.037835208038900114	-0.59012538447759189	-0.31480511839858338	-0.20632581791266177	-0.082182601070255629	0.053269829491923722	0.01957219810367614	-0.16114424682178921	-0.088351399329406055	0.066514752387923107	0.035261171369300681	0.035923015370853947	0.061772029236521094	0.002548067668962992	0.15823461265854188	0.060761049226344455	-0.15855833290458046	0.26029169632985694	0.066398618162789594	-0.0797438755499702	0.23420353797182211	-0.26358720473680575	-0.16516386321337911	-0.19008366159920759	-0.060365194355219365	-0.10366954909652872	0.088698577158215705	0.26760860693844679
-0.093254733780891441	-0.074203953115316079	0.17555086312844467	0.54012454014973943	-0.18206559988967486	0.10996757135320109	0.1068782862066445	0.009984973910220081	-0.14401398376972524	-0.018389417894936564	0.16206076572880579	-0.04133230755862588	-0.0060449664912164214	0.028535301857500472	-0.056079522004961593	0.069909888732862982	0.037733037299497119	0.17509190415746842	0.16245885257984463	0.2106336650501538	-0.050282594169465115	-0.10593569975026951	-0.018895953669401475	0.41047639845303896	0.33512559345251985	-0.095722641064835953	-0.060651939900308476	0.17769457898822094	0.015029094950513825	-0.099966557745857693	0.16143272933199179	0.26477006268776299
0.14017037214789846	0.1132141629858637	-0.21229640065664418	-0.57939800799132812	0.24211170783261976	0.13011511012546031	0.0098900470765244351	0.080930780378745196	0.21565738853474339	-0.0010205492272704392	0.084389344497254673	0.042662441338141469	0.08440274166751896	0.088958734939403053	0.0061655560235424553	0.07799398234695	-0.070748603922854592	-0.051009927496380295	0.13000209635298846	0.12830486003261585	-0.030999011539279298	-0.14159658337405925	-0.014442422071333734	0.35073323286645003	0.1614469632639973	0.053446153488542758	-0.008300153344739214	0.29487626970595626	-0.043769884330640899	-0.074822998533546251	0.22759494762636642	0.25980529478841263
-0.050980940185867352	-0.041186803588507896	0.076648862377676444	0.21016299889930695	-0.088766394221774195	-0.047424936028442256	-0.003939732860982227	-0.029626132351665363	-0.079120679307406919	0.0070468958469332857	-0.17305463249555458	0.10072308025402715	0.17900784946827641	0.22393981557116202	0.18759261539261129	0.067246253553049404	-0.24144289921339934	-0.57778919075705837	0.070006262998984201	-0.13046262388866328	-0.080366513029571193	0.076709750995455364	0.058515954299819345	-0.12889091647475773	-0.21950190047353466	0.18589328392842172	0.0032020571275988689	0.21777421839487224	-0.20435112255699267	-0.033726173748585955	0.28753191079507373	0.25327713286052866
-4.7661759359089833e-05	4.1775820200553172e-05	-0.00010248478353362706	-0.00019082599683541767	9.517685541356878e-05	-0.00029777507648867668	0.00026746328181168359	0.00046841724292455151	-0.00039283370496985499	-0.012809704323637667	-0.00046629134986152828	-0.048608022571927874	-0.041913096035617596	-0.18715469660933376	-0.13717578187724408	-0.32007842576052703	0.08761506194526851	0.54154635290028097	0.19090624236151532	-0.18513482236220608	-0.094654176349968006	0.088314560716396595	0.076100546395960089	-0.19430448869400277	-0.31973657553746376	0.23125880203202773	0.028502327449753503	0.17481400332103061	-0.22983524159185489	0.0086598910516229727	0.32871074504952719	0.24374907867366077
7.1210647055711275e-05	-0.00019111416049652171	0.00022751912819473581	-7.3246555634617482e-05	9.7659981345680764e-05	0.00020491715332346015	-0.00070550637360873754	0.0002945765017811113	-0.000230255655554775	0.014144895223919611	0.0042835829074719676	-0.0029130375373128269	-0.035330155004821139	0.0235782003159975	0.39498214361997824	0.13723857065379358	-0.23271981360978566	0.26572561262235778	-0.085666571664486144	-0.27881409921347428	0.22759856779584645	0.18720023888000303	-0.16689490212785132	-0.12606381744780001	0.31855297235620966	0.3384814859990945	-0.43731401535311321	0.21038522498807552	0.095244559260948047	-0.07567400364420003	-0.12779059252513417	-0.0027204295191935492
-0.0030126702371000621	-0.0032612727562294284	0.0036088221861550764	-0.024826549097498585	-0.0057494979821384453	-0.034459408601423734	-0.0031216688272245568	0.1662866742774573	-0.095058863386466713	-0.013610364122633511	-0.0041944660456277949	-0.012034265067133745	0.040010295054125643	-0.072178158117754965	-0.50506761621055818	-0.16489092604740227	0.41627989080463246	-0.33642874535908224	0.14407633632196681	0.00990897392930651	0.024865563251000047	0.064911945738116886	-0.14144656556652402	-0.16970369937382873	0.15388042651352246	0.27809669373793017	-0.29782957844868435	0.21347213722130678	0.16974749956144475	-0.17596058916156748	-0.12597012084728093	-0.0095070096108035192
0.0097048732033578004	0.011652143080809871	-0.013159724237830394	0.083196369329550282	0.019376325791283299	0.11404344411294784	0.01392351129010339	-0.55789939959442636	0.31915563592667467	-0.030637200533186231	0.0052798155276071405	0.020614518718898828	-0.021355985989120953	0.02470202356221779	0.055151147775558282	-0.0055097581643682733	-0.042512438333018369	0.050231746798544599	-0.05754829692094901	0.40931711477803412	-0.39177394210927907	-0.062580032694921642	-0.055179223463243401	-0.19811077339928826	-0.14396764142862375	0.14587256535597631	-0.11918655479674714	0.10856346779419307	0.20194096186907218	-0.25429755093455864	-0.10960350222397518	-0.011062778894387761
-0.012293062138215531	-0.0055934977641250959	-0.001586739598401938	-0.11917764140421323	-0.066607047562844204	-0.18458181599470372	0.1519058938174645	0.5556735974887459	-0.34202217482605413	0.015642680975544287	0.003241456208962234	-0.001676301220347198	-0.015108913905455251	0.025139000805129128	0.17455698574838599	0.05615069679079774	-0.14678606519048845	0.13412368894520862	-0.066001572861368221	0.2571442641770158	-0.30728817545227671	-0.1049435526698337	-0.016537435305173133	-0.091242940739033412	-0.28483138533863345	-0.095775209070299377	-0.096379186162415698	0.11014959043609353	0.17406730771047255	-0.29717636395082186	-0.095364329482778953	-0.0072051524545286346
0.0089340972359880332	-0.021282007814550467	0.051506868795540249	0.12159836362423751	0.16068879989602461	0.2400561544763008	-0.56837190093749368	0.01686632730071996	0.072791698596966478	0.092871545424268967	-0.024754808998528902	-0.077677696358107173	0.046483380154311339	-0.041403020415732995	-0.019381696811195177	0.044286665864675716	0.0025105021740610693	0.0044929396443475654	0.061924941712820709	-0.27089712807532373	0.12094965804674929	-0.085661398731130253	-0.013838751732024363	0.10345620068004331	-0.30786434048298161	-0.39903645396624726	-0.18353647988142685	0.18598338753878624	0.10622228449358513	-0.31276369100703105	-0.083479190514830978	0.00018396352283312349
0.0030322604814687756	0.045379069371874345	-0.067100911338879785	-0.054006580092204742	-0.013445268574078418	-0.21555660183129491	0.63680199330280129	-0.30661300606428005	-0.012250695750343654	0.086753799700084441	0.0022498297270993955	0.06153403243503186	-0.058130922533866675	0.076011712070148243	-0.086716449205347254	-0.016142718549708591	0.026661325017860765	-0.0064999569954701337	0.063395997587980743	-0.30847091056706805	0.23050437745145652	0.00028122274979786054	0.10581957017627916	0.085362285828059853	-0.15007829469039502	-0.30368930528838534	-0.030822420073443067	0.15552697858708753	0.079515791727449603	-0.3048812038814398	-0.072011474286096042	0.0063132552316580359
-0.024316129862946647	-0.060238296353493606	0.0322206909066255	-0.10128397221045513	-0.49431644792141544	0.077996577384204555	-0.18810126587980558	0.160955052132847	0.26478285565995502	-0.019369472809229862	0.049218054010451609	0.31758090699695257	-0.26439069746030397	0.31096805953519385	-0.068554735834766317	-0.1064194996669167	-0.031948725386929659	0.061410014648008299	-0.020301662455549988	-0.015783935316767854	0.12026377666844669	0.12632176284190083	0.29751682725885226	-0.074675149653302617	0.12146135482342726	0.054351690963630378	0.2752590040394608	0.055101671048725973	0.081718427059851551	-0.28163953626172322	-0.061366167599223739	0.011286301299775044
0.029528950936274129	0.05483953203309163	-0.0077796778796182338	0.1563047011278825	0.64289260883545019	0.0075455475917164359	-0.0733680238094781	-0.058606787379170869	-0.33338699460763171	-0.046555355863415152	-0.022119509939171545	0.028027924221833873	-0.17331840346873706	0.36360098219230769	-0.090469871326306586	-0.11746998143413277	-0.060302233926148495	0.073097509082196754	-0.1130507266534181	0.032750349808851886	0.053965479960632397	0.10245379991719329	0.09924685256154181	-0.010312125130706683	0.11440830561688091	0.18542072321123826	0.28746246721952257	-0.055677743887850281	0.00056792808690403463	-0.26208566970136027	-0.047039139509657345	0.017910294700260551
-0.011024507160251447	-0.021862556963125189	0.003011736200206035	-0.062454936723880111	-0.24379494928411846	-0.0055341112637430001	0.031626977014296884	0.022304627777772527	0.12294586461435121	-0.054207615290210398	-0.17042057853291026	-0.62499762317385632	0.11090244019596815	0.29316751941008018	-0.13852529099497035	-0.074672347452594975	-0.067250928572928401	0.046606352419045524	-0.20714900589961466	-0.084750765002003903	0.019739861366339435	-0.021296480075202046	-0.35346431922029109	0.20219175560409711	-0.07895527539049324	0.15910855476147454	0.10191502188961896	-0.16926595504404723	-0.13331653171448965	-0.24575085672265418	-0.030770209830359118	0.025390014077462136
-0.00025875145565500005	0.00071285578336384707	0.0010224926010546434	0.0040923769110033309	0.0011513203323414297	0.0022698235164923292	-0.00078662685459341558	0.0020394120536805444	0.0051930211810309402	0.022278027075382248	0.5318814782208533	0.25123081545544773	0.52073547824976207	0.068955159956690756	-0.053097842793148303	-0.25874878091133091	-0.10192400680272162	0.022026074386710798	-0.18502362464165836	0.10214938720243938	0.14391225888864506	0.071969886958862139	0.004703258321415685	0.0074588565448926057	-0.071384089368286871	-0.0039435632274715448	-0.2314262571807785	-0.2921736104767178	-0.22195458336298199	-0.17716206705013893	-0.016564514171394755	0.035668843293039654
3.8384377109476225e-05	0.00020788346670530254	-0.0028041646574540925	-0.0037894957816455737	-0.0026373764078194951	-0.0019174770469547668	-0.00033034058857924663	-0.00099261956363949286	-0.0040296621123056915	-0.010647510009604544	-0.66781133486793409	0.23364674669894195	0.173164424216456	-0.12379901685830787	-0.097034073451717454	-0.13739072483256851	0.02862025985695258	0.10858322254577037	-0.37864409924857162	0.028763081807484398	-0.080444343533475446	-0.13876671884685826	0.25427236543756038	0.11193943594232378	0.20664461584307528	-0.075258396194726421	-0.23959246414922616	-0.042956583845952814	-0.20829419297004548	-0.11472243325992675	0.0053760411632040525	0.041916071226050469
-6.5206422300454009e-06	-0.00017938777039927894	0.0016306827144613367	0.0018689236400483865	0.00090745775145119312	0.0009235246231722935	-6.5484146717031101e-05	-0.00054179558394392726	0.0016571975564345035	0.016878570431069377	0.28508779593366884	-0.17868491978156434	-0.46228232708942729	-0.30802116552328912	0.080889302876837085	-0.28278349288530003	-0.071767567584320624	-0.25655585359647098	-0.46971809107807516	0.026421922158533711	0.0017665813604818836	-0.092283183068509383	-0.020773653592176741	-0.064655994774150627	0.10475037997727973	-0.12220433796623202	-0.0083091317661044672	0.2485434477790904	-0.30152357214904196	-0.063961932815922773	0.033349067097505	0.045871131278819428
3.144134627352274e-05	2.9894220143177635e-05	-4.077034930851136e-05	0.00015670365438463749	9.7865900405696521e-05	0.00011442145762322114	0.00019869615750104633	-6.58307924181651e-05	0.00066369388429287854	0.00044457011273339503	0.025079261527911775	0.017172193588989599	0.067487503976888324	0.11548776862418758	-0.11974972213060878	0.60210907317385831	0.32431993214772525	0.15466662398716713	-0.26439125192725299	0.24339800794686114	0.2557334262180474	0.093536141912495221	-0.075135801585799897	-0.27704294050451689	-0.088908791217377492	-0.094545063130698576	0.066761259233583073	0.22565794758632268	-0.33510109826703666	-0.016229627740853757	0.050592913944616215	0.046614427432709375
END_OF_FILE
