OUTPUT_MEANS
32
1.0077111707317072
0.97249014634146325
0.94054402439024398
0.91169129268292681
0.88593229268292695
0.86171997560975611
0.8390540243902439
0.81831802439024393
0.79951195121951235
1.3281563414634145
1.308182195121951
1.2904014634146341
1.2746287804878049
1.2608638048780487
1.2482395609756098
1.2367556829268291
1.2257158048780488
1.2151196097560975
1.2057755365853657
1.1793190243902438
1.196132195121951
1.2168385365853658
1.2397973170731706
1.2650065853658536
1.2912153658536585
1.3184226829268293
1.345168780487805
1.3714543902439025
1.4087095121951219
1.4570948780487805
1.5015087804878049
1.5283541463414634
OUTPUT_UNCERTAINTY_SCALES
32
0.0067739123942299811
0.0072946156666210699
0.0078477320234192158
0.008478535730197443
0.0091869154886261538
0.0099482384420006443
0.010762968602240176
0.011676498015900962
0.012689011670931963
0.0084985184420773418
0.0093409530286226294
0.010250473176011495
0.011249272173326618
0.012337625379378131
0.0135268984518696
0.014818047659444491
0.016223484805165216
0.017745240834108663
0.019440637799075636
0.0060988957948317022
0.006450666867108659
0.0071921681682637229
0.0081252437801222818
0.009249824090681362
0.01057600746703315
0.012103875019770546
0.013832683797612523
0.015762341678502163
0.019099471202104
0.024508616490567906
0.031203066703622669
0.037196410593816405
OUTPUT_PCA_EIGENVALUES
32
2.0473186877961526e-10
8.8243662201023153e-10
1.5991360068285297e-09
6.8796937760663878e-09
1.0816871334229912e-08
1.9191873567191344e-08
3.4228771022873627e-08
4.7584693111456662e-08
6.4429068642125152e-08
1.2083168757623741e-05
7.5304205562483576e-05
0.00018406170531022002
0.00071526738386547967
0.0028027367814249487
0.0062842814065995943
0.0075727140063767797
0.016344828909654146
0.022665545863747964
0.043250490653756267
0.14481748803121766
0.21045160659363976
0.33497232961546741
0.36565095435447031
0.4413681605878168
0.52835457667356167
0.63463497120591361
0.71847030166936032
1.113121745157003
1.9572380173408668
11.271138867416754
115.98443795467314
1914.4973233270671
OUTPUT_PCA_EIGENVECTORS
32 32
-0.0018433226719602716	0.0017707394111738835	-0.0022568516446269953	0.0038808892794083148	-0.0064092448373787147	0.0056651000243075015	-0.0048201968718056855	0.0002557316356237994	-0.0019877443336366266	0.42496362443236591	-0.053918802031263029	0.16421356613345364	-0.24608850254423548	0.247254118210776	-0.31694496509391051	0.076096842814276963	-0.23843637876299753	0.10139917775498258	-0.10894189379690153	0.043452907026934336	-0.11811265264023672	0.17870674194302832	-0.26330887823485938	0.011360129057870009	-0.22406629952009671	0.10246193350250346	-0.13879756129426338	0.040484349923105095	-0.10709605799990383	0.34562209712439101	-0.33499349033857362	0.20118707348655823
0.0093038731023931329	0.014391310418348485	-0.18464572435698243	0.057337841046698833	-0.052026555752265766	-0.015498768152417932	-0.022631919697402053	0.0079796796555346473	-0.0062317035520689304	-0.52189541837936071	0.033556243834390757	0.010659667276497854	-0.095908996774392574	0.31210786718140404	0.26379598936485005	-0.27206334618499295	0.38563940796207202	-0.0069012880665471499	-0.015911517300819057	0.0019198230739529707	0.064912014194839204	-0.0096560996397347301	-0.11352957800452196	0.040168552741606474	-0.095480961211710846	0.20440975013585908	-0.15744065197768892	0.07460019823142508	-0.054476892118793141	0.28505898396009083	-0.24064462372853801	0.20907275466971564
-0.02315333574120048	-0.053505796964164624	0.60600155406987499	-0.2009575601364457	0.19365648704990243	0.029986052009916365	0.090876726063943938	-0.030944071421542135	0.029631464575023973	0.024927723676683101	-0.01744244392610236	-0.26401654418457654	0.083846316548194008	0.15096528402994736	-0.039329870924857173	-0.10995635263779426	-0.091556511518654932	0.052302145586970356	0.032780761287516016	0.075020605330834961	0.26274733191229127	-0.18468523183565175	0.37112938417036123	0.080113364668292608	0.13526496522711959	0.0062786899059444467	-0.13557008301144949	0.084949302751514105	0.082768708179974962	0.20836728238806923	-0.15191421262573768	0.20975424856177652
-0.074461714509566387	0.23138723058451177	-0.57143688604214038	0.20098220812793527	-0.21665809457379695	-0.0046344656217684431	-0.10298168931394178	0.032149158974236917	-0.041057661985676265	0.15061672284733515	0.0022965830653676397	-0.20951788239141059	0.16526802452283046	0.0672320226910402	-0.14045087572062517	-0.020146315658536078	-0.17703598190722261	0.050335103621293731	-0.060371058615904159	-0.0077640281419560121	0.12116641546808385	-0.25927750146471473	0.3422254439338871	0.038498437836888243	0.21402923262191229	-0.0342074456599986	0.0037574338650436597	0.09798677030197124	0.18316197580867144	0.1417626443175572	-0.061813140513998853	0.20734869079948609
0.31117159122600468	-0.58286321432196386	-0.034687555470996362	-0.019867806324712464	0.090258478192100047	-0.074369238381269714	0.052701580088847788	-0.0041913824379813001	0.032813593152933265	-2.6270102971027847e-05	0.074441112853359248	0.11482421967283545	0.17293300150291491	0.045177278785861849	-0.080487010796655573	0.0095860343061189811	0.051635946137856305	-0.00016891324722472802	-0.26346466277866432	-0.21251847543223981	-0.286287433523295	-0.25231294877925309	-0.093791809112900956	-0.066887668313126064	0.16994199127100526	0.051222944246347893	0.23306966216284791	0.11279135405134869	0.25178602037746828	0.084902445405790755	0.027092858132797232	0.2025571402748399
-0.14595231999517044	0.65236219829887043	0.2691410220003192	-0.07471322905045448	0.009816936954487503	0.084964931201650301	-0.016803800964788791	-0.0073521834030420112	-0.013176700658019212	-0.057872781995055168	0.0089022175156530728	0.18426380888142727	0.10826001985614737	-0.020628663960397361	-0.041007682059621874	-0.053897639465620303	0.078979421709449577	-0.025935819743684273	-0.24627039570208811	-0.11080045101685398	-0.21333370707624652	-0.070957176038708852	-0.17746801643277049	-0.19160675990486267	0.03638640198201256	0.093861470301461164	0.25038211504584729	0.057552244523899905	0.29870455390468981	0.039715819207117649	0.093833309451605298	0.19704996456882137
-0.52470298404847837	-0.36207785305581452	-0.029840632784112593	0.056793117984989143	-0.074957461213756252	-0.0073836296642755036	-0.0053359991409690812	0.0009071324281429066	-0.016686492586066633	-0.013497336017620706	-0.17129298177811586	0.052801458992812716	-0.011904566844012863	-0.12011859813915544	-0.020110617204726025	-0.18992903862945737	-0.052459343967891849	-0.031957836146959739	-0.055816397901070514	0.23075258267949256	0.23691007939606992	0.24513812021532422	0.017663548151477755	-0.32953421696051621	-0.1656759273401707	0.10204052527283958	0.10043772676824751	-0.05209715296569855	0.32785648052445882	0.0043912332692800727	0.14212258425139224	0.19105096043594372
0.70432468758895805	0.15528348559595548	-0.081589107190929905	-0.03338798292566867	0.088219659304888301	-0.028462429089979206	0.015808936476179914	0.0022701727964148902	0.02498144287052096	0.014953769623513583	-0.09547984016456515	-0.024979465774832024	-0.09659134954971757	-0.10032166333674863	-0.0094748866718740495	-0.032553202077514408	0.0037024582740758437	-0.0569798577482667	-0.085886943132755689	0.1622299704415667	0.30610683725320742	0.23279081164051313	0.04659972340774976	-0.091250095931433323	-0.21034958972515327	-0.0086677791061156757	-0.097399537278058598	-0.14551389691617242	0.30582393900375854	-0.0067085687860306406	0.18656738645722842	0.18262566470891534
-0.25502209385670377	-0.056489749382190722	0.02964565622919221	0.010622301983072235	-0.032792066202169783	0.010382202342266384	-0.0066077238720087007	-0.0012999052759724732	-0.0079208477769012586	0.012282742380763855	0.18387999097835972	-0.056174489220395911	-0.15115916318854386	0.012136716364414515	-0.0072468489364463391	0.35097038651020046	0.2057909290021871	-0.096346593146579965	-0.28796199640660614	-0.22623554265842183	0.074989919635825311	-0.036806901396724684	-0.055414545928579854	0.43645897631421687	-0.13057489315900675	-0.20999716002667826	-0.32812354804398575	-0.22398442198391894	0.24415490969547185	0.001435346915471599	0.22695786310994293	0.17249183269779575
0.0018075614789076679	-0.0016407924404059327	0.0022423679877513055	-0.0042079483699786566	0.0058596866848675449	-0.0054127096494736328	0.0045793356031675189	-0.00056268121229660812	0.0026789271568639682	-0.42444392736772535	0.066125517280915785	-0.13281578194235646	0.18552369970761498	-0.35438909538602226	-0.15665444834345926	0.20030980836483572	-0.2222255574855912	-0.048953954132633926	-0.024487938554436851	-0.098081250376559917	-0.091651022521165151	0.37579613795023864	0.078893732407134071	0.16848107240275292	-0.14204097682846961	-0.15083501648486733	0.16687480558716958	0.11011758055628325	0.0020804206031009784	-0.057690899382104761	-0.43700369014982837	0.22271259475562025
-0.016563046912504004	0.0041004575191617111	-0.0611535072959715	-0.022267969436696577	0.071368548710362037	0.12614235859838568	0.10251478600085885	-0.059433246374568198	-0.039512939469257762	0.52644217567407214	-0.046790439216885873	-0.036433055996421444	0.15918726352035742	-0.16875697724045555	0.37715698854448171	-0.13986549942473117	0.43032230585542242	-0.11401367788026241	0.045120157257645593	0.0061906270015830009	-0.01267830147726931	0.072433524903365687	0.020535512027424232	0.090653593453575168	-0.077671470115035779	-0.20349391929410782	0.18038349098112122	-0.025008868100763079	-0.045986376461457069	-0.087300684292079211	-0.31676782647673352	0.23999102372032838
0.047594024339015176	-0.0067475475894481374	0.19097643072136861	0.091416120594011108	-0.25905419793509149	-0.39542509335808357	-0.35537146101091571	0.20245452530250316	0.11756807952262992	-0.020995842480561935	0.012239814530374057	0.24202824134866799	-0.089229829305588815	-0.15696329699140896	0.061011367603916303	0.093603633853849538	-0.037846252167537404	0.011331502657283565	0.13835718305039241	0.058370321354669297	0.23274761191516957	-0.40004345024587684	-0.14002482876179925	-0.085564041632798168	-0.048791145447363016	-0.14451268020110969	0.065485241942824499	-0.15497710561234862	-0.087109351326685291	-0.12769889821876992	-0.19995278306492767	0.25168981801153617
-0.034395762940509972	0.0042053362421415243	-0.15271313635659722	0.019001419827669491	0.27774091034261744	0.36992741593002337	0.31582117043339725	-0.32743971199386857	-0.21146400336724253	-0.15945350035892999	0.0048581792071468316	0.1975709790742155	-0.17956897976053818	-0.08834927244239181	-0.041272310710385979	0.13975315648947878	-0.15354733563202266	0.017385860271923296	0.15574094372188518	0.011423327701414177	0.10651357976014769	-0.34876659185546716	-0.054374454849354256	-0.14505033290070876	0.032399793407583366	0.018030228814785651	-0.018685406762551645	-0.2657134245470561	-0.095520619595778358	-0.14400721146335552	-0.092576301360000959	0.26015576704040116
-0.036395405052566776	0.0055143201053570422	-0.10982180499062677	-0.3630615054457198	-0.073290877015591935	0.047591106897883595	0.10063426205361749	0.42294092468814404	0.32668202542307062	0.0077461676493676473	-0.077938172437773165	-0.098612067752699165	-0.15376002259597576	0.023047854723299167	0.022057737333396606	0.041966596557451614	-0.00079548013324236353	-0.066765419034724743	0.11603939097260814	-0.10958169608961583	-0.29907923138243209	0.09755889466491692	0.21563984094286595	-0.11472005878729134	0.15155324950021293	0.2555176958469384	-0.077449996512374525	-0.35943660245324499	-0.079077849200130987	-0.14173914740933227	0.0053010989985421619	0.26598054983397007
0.022913439268616966	0.0090301571478197326	0.14525142198833513	0.39744114781894457	0.12590263136686433	-0.28067325534791049	-0.29325662471479153	-0.34784428975925319	-0.24134449212778089	0.051780835802908654	-0.0036869864184675273	-0.16394881366101632	-0.089591526575927172	0.050311888076238494	0.038913825512717257	0.029183871840769184	0.048956320341486691	0.018998896944282778	0.10260451208993769	-0.013291544063419699	-0.26868755448303994	0.25123397020954502	0.10405826459991944	-0.020414656674706128	0.26744554211875021	0.22218288928969701	-0.055497904949695795	-0.19028172110700689	-0.065013352268147487	-0.11910827140914686	0.089853553134410388	0.26698633100290065
0.1003430785892907	-0.055353604374609719	0.12290874984079354	-0.022805122229818588	-0.51455592410153939	0.26243457494821915	0.19134723764410497	0.047665555780425126	-0.10854758133909612	0.0021726279148274463	0.16168512225795623	-0.055706689206858832	-0.00092025373902916176	0.013550955112347959	0.023674833363125491	0.080445479648087251	0.018597115633362051	0.23253352851579792	0.10985613740706775	0.24608354278001984	0.092062843718844309	0.17954494919663377	-0.29550284099885271	0.12082687084272706	0.37870006963390379	-0.016078942835584701	0.027367253013161837	0.1750975749830094	-0.052987286496379175	-0.08141963020428726	0.16254753664313962	0.26429333884862199
-0.13356994922712137	0.063570447077816353	-0.21704108935747587	-0.15351772704955904	0.57612771497557524	-0.19699321176075565	-0.10587039053544288	0.097525880741778523	0.24317042173353345	0.001159877589237463	0.085305990790746175	0.020428268937499695	0.090050332165796998	0.088519086187758889	0.035150349723018566	0.066479700220189106	-0.072963963415279651	-0.011481739922300243	0.1370890242854233	0.19714072771456287	0.11071980161181091	0.076872934595921039	-0.26909091110328331	0.11487132350957657	0.17084137324248308	-0.11575835738833698	0.016979490729439762	0.29234659838267918	-0.10280828950135307	-0.050028202514777853	0.22787677259207678	0.25949512956169135
0.048577293576986834	-0.02295846963321746	0.079136800774260635	0.057387570988174555	-0.20945496012314455	0.071843650103879775	0.039259042025683991	-0.035294170882413559	-0.089116735360979291	-0.015128046974708789	-0.16904373392452826	0.078829225460266078	0.18219404858857935	0.24751261417066089	0.069736673091997339	0.0033121740158918826	-0.20916615823288898	-0.59845165736809125	0.17918282266094546	-0.085996408836119823	-0.1318685597236047	-0.047529902908553648	0.081051807626219649	-0.003042494261701563	-0.27623866031222383	-0.10811052754708658	-0.064263685105186014	0.2179863690245088	-0.19885692167242952	-0.024034234448146119	0.28629952133054987	0.25315812045818858
2.037253577222395e-05	2.1892734177425238e-05	-0.00010403248853838043	-9.6241723977701427e-05	0.00016164165584501861	-6.9124456520942425e-05	0.0001158906865245869	0.00020841181990012477	-0.00044802268162659259	-0.0033972414862340639	0.0038976055599052031	-0.026469474643567827	-0.04428327537542056	-0.24449194883695782	-0.070115560760917628	-0.28826590344066921	0.042154552565549896	0.57296808903338614	0.079065888093790573	-0.21262281699297442	-0.17584537920142063	-0.093392032919659695	0.14903441924406763	0.015247474253262776	-0.3829081860403894	-0.11401747449837865	-0.081688750026764678	0.16300571215823564	-0.21696547566960825	0.014688156513573513	0.32626176655683203	0.24352777229954725
-1.2692226054095225e-05	-0.00022363564614832495	4.5804090162844913e-05	-0.00015548010752555887	0.00019645627579413058	0.00020665279348114948	-0.00067222973704252314	-1.6443071503869566e-05	-0.00060048178956800618	0.016814133648192328	0.012541126507196441	-0.0072805924124990885	-0.025025592240311315	-0.010212328552715519	0.4370339417355173	0.021618880220066871	-0.26560417425225685	0.093701122118170305	-0.21443906408628097	-0.27995167986738151	-0.0075968616365525085	0.12261304809463895	-0.065308781746294411	-0.45506842237387485	0.18740405049776912	-0.29061221477270943	-0.45379587077634087	0.16985807546142334	0.038734929657201683	-0.075125870509196738	-0.12515580384011471	-0.0040299516058860578
0.0019436321740069439	-0.0059165179273667446	-0.00058529661310308904	-0.014528980616751843	0.039135479088855979	0.014359698021550394	-0.031146109822729372	0.11579994025081726	-0.14854658067597301	-0.017004191108111449	-0.016025318496108706	0.0034550502533004265	0.023379958836009414	-0.028295901212780399	-0.55701870767921469	-0.0065152758456358565	0.45719224774760581	-0.12348378962716355	0.24582634259896563	0.019482804133303399	-0.080822785626758195	-0.0075569989797924803	-0.009345952542025214	-0.28584257458697843	0.087479461488933499	-0.2101519326970594	-0.35553474207483993	0.19684438460975037	0.12115364797903512	-0.17122714396350902	-0.12153771327708118	-0.012054338829182944
-0.0063982112788296252	0.020663270129119171	0.0018491047994571126	0.049003646313228087	-0.13176701801930202	-0.04953507049578651	0.10735302190137275	-0.38718907841551536	0.49996292655445862	-0.028776690917154537	0.013805046714698514	0.020868740461276531	-0.019012376489924585	0.001124980663466151	0.044883355594495911	-0.0055941212723621403	-0.011316109824051492	0.027305307842454479	-0.097989948649211012	0.47637698584588256	-0.33800191741059687	-0.15420011247528626	0.080575712433202273	0.067477220747524061	-0.12022772963746323	-0.013755999658824927	-0.22059529021758528	0.12093765694731547	0.16262270469951573	-0.24483853951417431	-0.10504332990875358	-0.01441383644072489
0.0016241366169728352	-0.0052553012297813133	0.013422072258578005	0.046871735795532887	0.15371824914597249	-0.015513211434044981	0.021165893897130156	0.46261446846848081	-0.5111017016369368	0.012654791282358533	0.0095827252670758149	-0.0034955226908048339	-0.008574028442104465	-0.0049045174608287031	0.18911642254447408	0.013442723922695595	-0.13876439449087039	0.061755065322765021	-0.11846486393241207	0.31319284778872331	-0.20328505735922428	-0.15234774237358983	0.02992308346437466	0.16868493083197958	-0.16919212489074126	0.21686993409704775	-0.13677129889470588	0.14663919731352162	0.1552796677880485	-0.28994619382652453	-0.092150596471172769	-0.010593877810471162
0.016362917590365126	-0.053478534761111814	-0.051909999383679475	-0.32878655208218471	-0.072610848723997215	0.22406909545990178	-0.44235882702754031	-0.25181665084251353	0.029024479075194405	0.098064243844787721	-0.043940363929980457	-0.067475549088001713	0.045429033626321218	-0.037684435262698393	0.0093291085109412572	0.041622295228328214	-0.020726961098755471	0.014354703927137906	0.088205241646931928	-0.27249792802544304	0.19557320779582626	-0.047415678475194081	-0.11593140962022802	0.087959000432485182	-0.1045119905201598	0.45741562878720338	-0.093763472361892405	0.24173422716779927	0.11443949360632008	-0.31243101555267438	-0.082571626555775449	-0.0027051282345812821
-0.03034065814024256	0.077359626464129513	0.030065740685845468	0.27128685677721032	-0.01772285893649872	-0.36485158336756729	0.56742649383404697	0.03900439698328672	0.13279595287772381	0.082155800478951518	-0.0012582467666737509	0.054443289990372408	-0.057471447067140288	0.10357184219952602	-0.052789751784374672	-0.01945170738291517	0.0064815232983330114	0.028973711936183078	0.099018369758593336	-0.3490527964359848	0.24083200072846345	0.054238078645385393	-0.011929477123698934	0.073431064005701568	-0.03180878137739275	0.25842405913159783	0.03363231590543473	0.1971193041093347	0.0954749441477485	-0.31000814435089064	-0.071483952364972805	0.0034078161100698202
0.034853732506194703	-0.045397698884191234	0.07737661520053904	0.29568367033820253	0.10779305453663675	0.4045026140767275	-0.25034117044812654	0.16629684610488482	0.18701832917172986	-0.038278154879459819	0.063413908445289074	0.27257568887615302	-0.25758953363507098	0.35296683960571745	-0.034478789154266345	-0.13701492892859835	-0.026013079352730301	0.083903585779877221	-0.021812691267589775	-0.080678029869025294	0.046288263355981102	0.14812123468706084	0.25419470039818848	0.10391795432725931	0.043071106056086647	-0.22555080073820544	0.21132940783530621	0.060833512338148509	0.092064288353335355	-0.29097484329919215	-0.059902348995475752	0.0080175830930728133
-0.029493365347920589	0.019957791754926797	-0.11406812465692824	-0.51543996777902856	-0.12887631210186423	-0.34056907556787264	0.041891707128993115	-0.23516719718238679	-0.30327997513613958	-0.057342746689246771	-0.042063769413549022	-0.011059457138639385	-0.17032648393213395	0.36448260283783901	-0.062060489256198961	-0.13441226998996741	-0.029665261632780601	0.087003723383693471	-0.12098767886607682	0.013871025157655823	-0.009181860199842044	0.059828191016812603	0.078014064546285511	0.026562556543898417	-0.011447953210415855	-0.30172899251375163	0.21680005609787018	-0.062810274096272337	0.0095128898056488637	-0.26700802853972511	-0.0446914393876068	0.01469807162860242
0.01049511616447947	-0.0073375519903781635	0.045793766446141464	0.19853114472994762	0.050708946296336314	0.12735268644958245	-0.0092045845428050527	0.089407287466208449	0.11198211485297987	-0.044608203988322534	-0.24950494071259691	-0.63272025038579072	0.10306963932033761	0.21616193447774507	-0.11936837413694064	-0.051079466463246889	-0.014224697630400305	0.055657590566423096	-0.20059796153239348	-0.011996878189981703	0.030576297996254196	-0.14754349955842821	-0.38825723240375276	-0.12031412565914928	-0.15030234943826246	-0.10145599062661892	0.10652098891245074	-0.17327094066198506	-0.12284518505353936	-0.24064570653785516	-0.027615231756526689	0.022511734228170748
0.0009480070351273155	-0.00073040558931112805	-0.0022528941718440733	-0.0051571125004187769	-0.0026321719657638435	0.0010382262065928133	-0.0063737165973966319	0.0010557235601141473	0.0035792080588370879	0.052956219590046552	0.54788824915878986	0.17069793711236475	0.50940054628503717	0.11571276016338278	-0.15141038042150878	-0.26643085093812191	-0.063333503658342699	-0.014005936419317629	-0.2032206413380985	0.044293968185000789	0.12342715147637892	0.093844311750209658	0.014936492373490822	-0.06554422253034671	-0.077232158733699235	0.10767662230561854	-0.18248847113525329	-0.3003498815748189	-0.21928901398750758	-0.18554546293342017	-0.015127253574104682	0.03389654769122364
-0.00070094312869218201	0.0012164750937948324	0.00054204070498620053	0.0064661635500472226	0.0027232104995856014	-0.00044830948418611452	0.0040623235273457908	0.00078302897125722998	-0.0021794207059879964	-0.067438696731464062	-0.63345976956267158	0.31646334520792335	0.17678957164552386	-0.12793748355651785	-0.12181201203879562	-0.09662119213902351	0.06653958979434707	0.038447210938181486	-0.38966171903511287	0.016556923220525068	0.10479556698348362	0.042708539557838592	0.040624923116674885	0.24649407710225915	0.26857565462692923	0.036815548223535777	-0.18296092087831736	-0.020927882172291152	-0.26390496589507795	-0.10026220194624222	0.0070847290824499875	0.042194192110988835
0.00024121583891474136	-0.00047669605346960871	0.00028248665179742439	-0.0026593058024637593	-0.0016071973798494823	0.00051757365479306483	-0.00123310211624055	-0.0010771514505487543	0.0010427831001074508	0.040594070805849577	0.26502611121764091	-0.17157482779995362	-0.48717316915980313	-0.30458759930019097	-0.11470278951800046	-0.23614823789589223	0.015612097182912444	-0.36591642626232262	-0.40210130668329336	0.044835311451696648	0.079942405286637333	-0.078402809532190004	0.05708552441508935	-0.057976881509594486	0.101568610881819	0.087801971539540946	0.080276024757171133	0.2470118809239526	-0.30144593932717562	-0.054438682395396877	0.03413568575948691	0.046392179332045945
1.7322503443609705e-05	-6.3829483120048973e-05	-8.278139653522541e-05	-0.00019768064182209554	-0.00017756551393455984	-9.3896206311223188e-05	-0.00030977342583728899	0.00011265544949713591	0.00079908754220282233	0.00078500091191770031	0.023866498030780378	0.022026851476967809	0.077510014740011485	0.16921821195563713	0.045351489979797585	0.61759624711082806	0.27866530335250572	0.16119356254446451	-0.25025440116393716	0.12594908491856224	0.12748839290048472	0.03257588967273841	0.30021255470467823	-0.3253445881468956	-0.16487179049804404	0.13190495742693395	0.14664079265654753	0.18040432123882727	-0.2853031849353736	-0.026748059622307394	0.050031748340613504	0.046395549186016058
END_OF_FILE
