OUTPUT_MEANS
32
1.0043279999999999
0.9690930000000002
0.9373913170731708
0.90873331707317073
0.88312007317073171
0.85912741463414632
0.83675578048780486
0.81658497560975618
0.79861497560975614
1.3245100000000001
1.3045565853658536
1.2867831707317074
1.270689756097561
1.2562757560975608
1.243757487804878
1.2331349268292682
1.2218746585365854
1.2099763902439025
1.2002989024390243
1.1792399999999998
1.1963912195121951
1.2175524390243901
1.2405312195121949
1.2653256097560974
1.291559512195122
1.319230975609756
1.3461214634146341
1.3722309756097557
1.4087258536585365
1.4570285365853657
1.4992029268292684
1.5241956097560976
OUTPUT_UNCERTAINTY_SCALES
32
0.0067598489641352835
0.0072783822578395057
0.0078297124798038711
0.0084586153562077899
0.0091649815351171997
0.0099226006562524813
0.010731902883473064
0.011642603684563328
0.012654962726834182
0.0084825706362655229
0.0093226086628514938
0.010228589088734107
0.011220978955385623
0.012300002312375605
0.013482879831344132
0.014770643677207514
0.016161965465280582
0.017658495755159979
0.01933374164141714
0.0060920280079601293
0.0064454808356243865
0.0071890904298342372
0.0081228053947187007
0.0092465725747181773
0.01057326994277976
0.012102967512072718
0.013831230513169559
0.015757975772572673
0.019085492078768442
0.024481585624389953
0.031120625610854446
0.037063648885660043
OUTPUT_PCA_EIGENVALUES
32
1.0113824435890008e-10
8.9293878691574604e-10
2.516831137459426e-09
7.9154906261228825e-09
1.0643664373115176e-08
1.6453247305709137e-08
2.4265039613464411e-08
2.9530337171068606e-08
6.4041823281407445e-08
8.3300777542320164e-06
9.212425284025069e-05
0.0001830804709273947
0.00033700306767887574
0.0034527094156022796
0.0072912207980100983
0.0073786612694996109
0.016076848837942029
0.024233907615864424
0.050179766209839771
0.1156773483259044
0.19015654618323172
0.29753052500326987
0.34582864223961551
0.43898794736214858
0.56115855090116251
0.5999275984899477
0.61982308442194678
1.0724876876226572
1.9948051526492592
11.597024047935326
115.91798377253282
1712.2143638652185
OUTPUT_PCA_EIGENVECTORS
32 32
0.0016266483408847424	-0.0010554116180631682	-0.0026340006790620089	0.0068368929328654167	-0.0019784044820075316	0.0046718883873499775	-0.0038203282337770225	0.0063316845930503299	-0.00017547353856586006	0.42515468554600094	-0.021745066955380102	0.13706202430352663	-0.29668419180010097	0.16236782165323513	-0.10697782516602342	0.36802317223720815	-0.19899375666400618	0.1016684486647997	-0.02783238149689779	0.069907473591393529	-0.042849541996654812	0.25473166825412391	-0.18273442900216355	0.16547641544888314	-0.17174394078599009	0.17916991669238358	-0.12996522941155483	0.037113206767193443	-0.095305640571184472	0.3452889962466828	-0.32684185811725652	0.20120105798564175
-0.014094603436263757	-0.023422017128193796	-0.19458882573084815	0.030476965164013544	-0.033424264753022119	-0.023184115146931347	0.026010476381272241	-0.03370448474046675	0.003379639076618778	-0.53330027560243065	0.054921631068856343	0.024710423357840305	-0.10779525501084354	0.34251976941893708	-0.15247785253197865	-0.35158684724550482	0.31702014199608713	-0.030190052237855841	-0.073058327333287279	0.014800836533810813	0.047555747365391698	0.065342379044196361	0.06136182054358312	0.077775098926815403	-0.12918387178088814	0.12229832629343805	-0.23656889627829653	0.059339125904481566	-0.046606201943145686	0.28087493799774049	-0.23269307713466858	0.20853389924058802
0.038833621073170795	0.079544845970567934	0.63871154243707795	-0.12785943476320893	0.11610998318011294	0.05593430586784591	-0.068247427067106209	0.077233031679310338	-0.012712589200306575	0.016719641251946925	0.0063822505926783846	-0.2369544992746962	0.095085499122290015	0.15754052395968871	-0.14294531053755882	0.027880995259720612	-0.10557658447701247	0.014858290109579968	0.0041740854453706355	-0.16090581336739129	0.081640616465518623	-0.34784910878014569	0.22544437156581448	-0.26698027332689539	0.039150742056844386	0.02003680699109571	-0.093532695288498974	0.11569295502177901	0.076349991670911804	0.21596485456048545	-0.14684427229064731	0.20925342361398289
0.027522778156104814	-0.26489079097851781	-0.59569585720803575	0.17829706029568002	-0.11449659076316687	-0.071202724657755803	0.060943850512295838	-0.068669819562699838	0.019057448341367911	0.16188122595721513	0.0088397280500427493	-0.17663857130120236	0.17988896783402622	0.061233503848362875	-0.098680175621161756	0.14218304650868061	-0.1764458474695032	0.049802406572192974	-0.054558592291639368	-0.053872004652979838	0.033716085973906559	-0.24531772689338932	0.2538039284633723	-0.28723706896176943	0.11598570383423139	-0.13696403888694877	0.012819050887476306	0.10971657878960714	0.17651535430242118	0.14926218475161732	-0.059411071411949873	0.20688098402943877
-0.20737399126250119	0.61323187803258294	-0.059439009716380636	-0.17025605290041218	0.0056418302212744532	0.060853713954369573	0.0046751814601604536	-0.00047553733640528454	-0.016867797573005581	0.011343076763445266	0.045251783688050717	0.14369562094398136	0.16877277250173689	0.036696455089360293	-0.02839093274883633	0.043101544094104507	0.035325206900920995	0.075779380253812048	-0.21931380351503532	0.27502027095515913	-0.077992658186756922	0.26428899101921111	0.17365281474859007	-0.04922884000849944	0.11815324573663445	-0.33346822961695277	0.087599557494412839	0.054366450551703138	0.25609073163809198	0.082875907318708406	0.027055868647841378	0.20212013508956547
0.034136283225813517	-0.63815496634511515	0.32016159864555255	0.12563816127789459	0.057564493733499471	-0.023207887543240231	-0.041050278295593344	0.026387381553557483	0.0088315275926731506	-0.047785566463489526	-0.022344169702165736	0.19563540818470995	0.092590580165053921	-0.025796074798658548	-0.061186065396549472	-0.034283632680880062	0.054588561928232353	0.046275272272024645	-0.19713890208096335	0.19354562607523254	0.057931147024738588	0.34160357151100423	-0.022976364160576045	0.010936466080258707	0.063295154613454405	-0.24404209989811176	0.068343745717438079	-0.032652871330552488	0.30383679347466108	0.031757455760178611	0.092600293694541494	0.19605565596572028
0.58226682135197627	0.25083376595547746	-0.076064807739590637	-0.034248853139013428	-0.061630963356488301	-0.043831978287342817	0.042748602412353447	0.0054147470838798182	0.0016610635621061452	-0.015215058791570427	-0.17556750197312382	0.037755707576540974	-0.033368494954515444	-0.11815409574844608	-0.17523832998279837	-0.093152300292581272	-0.07745202130926733	-0.026504865030544996	-0.02769605875597109	-0.21028148096495122	0.38703026395840634	0.077099563304345115	-0.30863038741097093	-0.069881567431058736	-0.035753100305173327	0.069421796320028678	-0.024673340742454621	-0.14335624642612546	0.32584075021311298	-0.0065886241987536519	0.14070795582101453	0.18904438250769073
-0.72545232605354038	-0.025377893874016781	-0.04839397674972825	-0.012436995748143706	0.051954864936789295	0.063311418279398832	-0.03252657324815094	-0.017916220904878939	-0.0039309151349852583	0.0085039035685883276	-0.082399406053259017	-0.047085282493999792	-0.093187172422552991	-0.10708036864390023	-0.033847760691467499	-0.017004241147106688	-0.028410796205181409	-0.062963935420436393	-0.1152167938453196	-0.17909314901776929	0.2220618978708003	-0.13814947366183514	-0.23467310836801483	0.0029492380233197006	-0.11233370237714653	0.24025469179768313	-0.051711992775478298	-0.16707712727522048	0.29979048160507588	-0.013292434264697351	0.18511483065512002	0.18156505922490349
0.26270692892268732	0.0092340211345751811	0.017825449478287524	0.0038642006319686054	-0.020045457722196038	-0.02291175865276824	0.011137092040682875	0.0060442388886434734	-1.5585630393969536e-05	0.015896640464388066	0.20585197630122781	-0.067683260398817169	-0.099607008321964619	-0.015977039342097297	0.30421514121164628	0.16339446214887468	0.16155413616638642	-0.0701739650639705	-0.40215152712026847	0.1924545494989357	-0.32638306936812139	-0.30964439037928188	0.11953229223576005	0.19451671002215806	-0.16944992158936903	0.2951156865221003	-0.02635889552284755	-0.1219870826149248	0.23666966640490572	0.0049669212757587613	0.22554844603050614	0.1738939561366914
-0.0016703705005152788	0.00090279530127883529	0.0026709258089220762	-0.0067946137495478037	0.0015824942215871495	-0.0040677896236467944	0.0041391985284245682	-0.0063267798123228958	-0.00065585686739621726	-0.41018283304116915	0.04489487406427347	-0.10399459743735218	0.26598113811317886	-0.36579472287493747	0.14726203886921596	0.20693463693169084	-0.18086942700887459	-0.024127642681688845	0.010124417835359216	0.04687812621719873	-0.16796753611118861	-0.1118907619346113	-0.42942320073217577	0.060477380199725296	-0.088765527227227942	-0.1128675023587762	0.074973028081161602	0.12376210460839042	0.0024361474711275879	-0.04046471751904962	-0.43790949467583368	0.22443578811939044
0.02194008083553867	0.0017530091859348463	-0.035353238073438854	0.053380415538328709	0.10287234917746875	0.1448810883027101	-0.0220757276436741	0.07237811737213487	0.061876342206823205	0.51686557527965515	-0.083022795958454049	-0.059216815939726726	0.14301384149562002	-0.075283832982758037	0.072775401696437633	-0.48282401859913238	0.3633615461102257	-0.11607555286307511	-0.049272397786041595	-0.065604166806840669	-0.065693609610595935	-0.10355650901801476	-0.10712303912349552	0.11093296130360378	-0.044094020817287818	-0.072414432766037151	0.21305651793213271	0.0061338185861759984	-0.047505827790121608	-0.076748841745777216	-0.31919244020584264	0.24185802259623229
-0.065135231150338438	-0.0092161732704790517	0.10505028825355751	-0.1451055990168521	-0.34512304459614324	-0.46019456736650721	0.055079302781522302	-0.20613100236740226	-0.19846181778550487	-0.0078564079712252627	-0.012108828405838689	0.22067009059098208	-0.10863573201779367	-0.16014900344190747	0.12024262123375272	-0.0072406762721846886	-0.0084836015442334052	0.0021786674690705645	0.086320479405021869	-0.017809578359477381	0.26763185441716197	-0.066813126916265606	0.35892405188770193	0.11784908738588844	-0.05719726609403037	0.048525785221248105	0.25668041322982993	-0.13252303982843197	-0.097254074477250291	-0.12742130551642367	-0.20228298904822536	0.25412691507418828
0.054325112131504975	0.026508183403208874	-0.079272060989664397	0.18344722971005409	0.39771100753592703	0.40339584798918326	0.08269485842123428	0.14835944282146335	0.30580111606409405	-0.17057294954735269	0.0088832185583296586	0.17346834463993455	-0.19367603119567128	-0.11732793879544315	0.11496378356753925	0.12465321201513468	-0.099962964747406652	0.0085375032047210406	0.15052661589126853	0.01762325656259139	0.17299596792899824	0.012174342481656312	0.34006407211206002	-0.03079580124386128	0.0081161786563554231	0.040719852962130487	0.10625484123003848	-0.2666575734918416	-0.11309234668441397	-0.14139782913891866	-0.094033112071220948	0.26153216790666101
0.026724091641741787	-0.058119664365449721	-0.073743152485606547	-0.14917311582484108	-0.19792003415373705	0.14553923639267247	-0.43800880476311599	0.15560374462238821	-0.37514386786313086	-0.01178176158057055	-0.049307739785765185	-0.1262027627066192	-0.14740943998132305	0.021502556084387042	0.069842357450693143	-0.0077467094132775095	0.022544534009618613	-0.069709579077327069	0.15947610669425971	0.043537383287711132	-0.24459608680180095	0.12175823740720151	-0.045786282363535859	-0.29399659069231282	0.13156662380704637	-0.064879824536912795	-0.18791494082842566	-0.39448957827106895	-0.10299044569808793	-0.12728907722009683	0.0053514868561458512	0.26508321474344204
-0.038052770271126878	0.018172869241078603	0.081546769259686666	-0.041740782250699882	0.17016222372059275	-0.34021432116720429	0.47146505141376904	-0.29781272059903963	0.26757098248671313	0.059816465742623504	0.022629223852811572	-0.17881982260444454	-0.07469694849750852	0.06330729456703274	0.048028631630465467	-0.01983984130018723	0.064571389954221167	-0.0023623245708363806	0.14801277157922008	-0.056573182257940946	-0.26333789149182707	0.11464492567493688	-0.14045952066542539	-0.11935997344060804	0.24626754420767319	-0.080701382585521397	-0.24774741740886122	-0.20795669291829363	-0.075154815999703903	-0.11087870678861977	0.090225947904440343	0.26568899825752379
-0.042197268926964758	0.11617896458602785	0.10361437666497625	0.43142241921140889	-0.36926794223593939	0.059203139557541182	-0.082971688060331811	0.22120819633347355	0.073947968048602708	-0.0057479079327138393	0.16454640257434014	-0.042906546164250409	0.010698123346329498	0.030444973060249656	0.044697698822672764	0.058083604252395248	0.043943144303533514	0.17471255906173463	0.12131461951115921	-0.24991982231629375	0.021232248933573436	0.019223743680792982	-0.011774747909975722	0.38481234709644768	0.35203380019886316	-0.028065002751269771	-0.12827459835544347	0.2136236366884342	-0.03436494905080107	-0.09301453843233351	0.16226886436616447	0.2640222468825969
0.068838988546426089	-0.15113145249844745	-0.16374370071202587	-0.51333444961287134	0.37599945115642885	0.080138414594552787	-0.11131480469575769	-0.13905400149911123	-0.21300481314064157	0.0038210451826745768	0.074988391324117026	0.041765004390941253	0.083781793802694321	0.10004313080018201	0.058974743765866595	0.03506568955533592	-0.070525342761919685	-0.047786026615587562	0.11771298123548626	-0.14164155782558302	0.074622072257413019	0.0050516319313472554	0.0080252602949352769	0.33448886687583046	0.1625205712893093	0.022510605183746733	-0.00095991049321852539	0.33580902268648005	-0.078854249279665667	-0.063370857479657497	0.22831495303865063	0.25945241708010958
-0.024922956943528911	0.055042034130361371	0.059336154297099333	0.1876067088312689	-0.1358544515707876	-0.028924964941586449	0.041176506312341335	0.051405451489269706	0.078416862049230845	-0.005687778125352593	-0.18304551473758351	0.096197339550057256	0.14038734212244963	0.24799700897681601	0.086931133665136551	-0.064528665379731759	-0.25503635081811765	-0.57075454447741591	0.13127312859766926	0.19524691012486742	-0.049786862901186835	0.05320738343613847	-0.055404979592865909	-0.13779535449790914	-0.24904308079034748	0.070788766846910808	0.13030833743015299	0.22706651586199939	-0.18771162068401595	-0.025252642997546097	0.28859399763454752	0.25272453894786895
-2.142783776987018e-05	-3.4601966757871121e-05	9.9884729478813924e-06	-1.8980416452323426e-05	6.9409143978601921e-05	-0.00019237356421824927	-6.5167754016278446e-05	-0.00030211389209850343	0.00035981924352074051	-0.010800377819088264	-0.0031741990059560806	-0.034226187519417195	-0.03431272128942657	-0.2422051912302686	-0.29860247356207659	-0.070379239723741632	0.13954829104041969	0.54949523336418715	0.17588604709891917	0.14501571773390931	-0.15664350661567369	-0.040117058005376037	-0.032469505404706465	-0.17668750219622381	-0.3645521254065856	0.079143423897188842	0.17489671174283106	0.17723739647072384	-0.20655276445126786	0.01359768985872708	0.3311068757307572	0.24350787391179599
9.0686664176288964e-05	0.00021861743359641317	0.00011717560726638567	7.8026506367775484e-05	0.0001447440892700256	-0.00011916545332878707	-0.00066150967885946529	-0.00054294196287549517	0.00055208817029446869	0.0069324308934619033	0.012100142275201564	-0.021934894521115196	-0.043498136718955131	0.044848354171062241	0.24163059064796327	-0.33485286029875599	-0.2797653982751454	0.26601089450225207	-0.046370554669138579	0.36531892207782257	0.080055337029896187	0.065215744982694099	-0.095614424404171464	-0.20095278988921436	0.4006778198893059	0.5031826600381083	0.075884300041926186	0.18234908151236012	0.073304276146106837	-0.083033797423288994	-0.12274115440318022	-0.0021561228258331682
0.00040382626995442891	0.0076659490564800021	-0.01222108153385398	-0.010289864491576917	0.026094068802050358	-0.083630904000015008	-0.13232974798266639	0.00063229495437611063	0.11312013603886462	-0.0050633968487308785	-0.018295530657978062	0.0083893627420281933	0.051517384613407879	-0.097940568613587048	-0.27684108492276488	0.38961715587196544	0.50669923296824382	-0.26522362464416138	0.16275930091445576	0.064936799059691463	-0.0067227598735006668	0.13628235529782703	0.039306023264625532	-0.18198118137201297	0.20625910779691201	0.37502499041190845	0.10037553995742192	0.21501010344534055	0.15000520510864379	-0.17934323592592322	-0.12350733535812065	-0.0098688618791599424
-0.0017699987011176568	-0.02652397492545978	0.040467604494370937	0.033927593201100677	-0.08807186041256021	0.28026623858290239	0.44605082469833984	-0.00038796408906415311	-0.38093434882238514	-0.030952578529089139	0.014457866931588683	0.012506783265142905	-0.028091070186085601	0.027037742557069689	0.0058673286240368619	-0.026012906526473603	-0.073864379955367654	0.01345515160114461	-0.085202130333457499	-0.40167852951920524	-0.26763491348832175	0.29110370488164389	0.15847285083700788	-0.13291959536373371	-0.1601707361752728	0.15561290838065622	0.067963175563565653	0.17106410838612338	0.17590098057833459	-0.2488845198003794	-0.11136147120294225	-0.011852731014639219
-0.0068594755890254416	0.018787788500956311	-0.06008278296147597	-0.073839296014420561	0.11419930411194235	-0.36230864994518325	-0.41522817223146169	0.16241166138620675	0.38695028589822084	0.0083638684190192429	0.0094592289320483552	-0.0077770998982721259	-0.022066069082558312	0.035258207132207404	0.094195706349345862	-0.12259815462217367	-0.18936816690899341	0.095597886379385877	-0.079274713004071892	-0.27506334166092333	-0.16250273511983682	0.21064737679633616	0.16282537050430068	-0.05225347443852274	-0.28286446917973407	0.0096225700907285258	-0.14522413662929254	0.14821381857774721	0.1581279490478853	-0.29521698884671771	-0.097435817435600688	-0.0086037380106765392
0.029718289541204371	0.02732237586298528	0.066725529388564672	0.13602891843854831	-0.087538465889004338	0.27524667895786731	-0.11435815792973009	-0.55411652656286126	-0.013502417468142007	0.10433204741003455	-0.041304717796673336	-0.06844647394595206	0.044101374276233299	-0.036061814553114843	0.042235431741535968	0.0044005748753996364	0.025069253372991217	0.037005181262712697	0.10440443685536049	0.25653190586086544	0.19056294114702757	-0.028818578172245098	0.087357820034941511	0.045817774090300932	-0.22837139481701846	-0.076389383721975845	-0.47164002329334337	0.14149315073121543	0.11111158668367145	-0.32259411869366955	-0.083117030709353751	-0.0019078542101136631
-0.031982135456222638	-0.071771950650958094	-0.054009201058673802	-0.22339072628381798	-0.043667400193161732	-0.10047768475118093	0.3478474760658698	0.60114263072111973	-0.065535820723406343	0.069260496605209498	6.7106941701790783e-05	0.050206820424795448	-0.073735159254471536	0.073149986418345109	-0.044523048673270206	0.043664168734236473	0.06296184137927277	0.024308842188352438	0.096254695800766413	0.29415133315181768	0.17340528793679125	-0.19449865635538424	-0.046038302973491339	0.020605688008938344	-0.10410389610729254	-0.13939304158328036	-0.30899575486856889	0.1138557101937672	0.08791929142189997	-0.31265114849758097	-0.073133722261887885	0.0040356776238547592
0.0058503118329686328	0.10995706393171308	0.0092136264415207756	0.35353682021971844	0.32093813528252541	-0.18960020799851804	-0.13325746199579078	-0.12136658098411415	-0.29726507021608478	-0.036309454794950687	0.08656643429383358	0.27298317028690805	-0.30131636466385203	0.29728147506322145	-0.15154311463117134	0.024346704631967728	-0.017854836675279168	0.041396648893186762	-0.040982437178106859	-0.0015447300454367052	-0.091434436963077181	-0.30218443812522128	-0.21089163444260289	-0.085830878253437798	0.061050029171498627	-0.18397814680560251	0.17369793782161846	0.073339650825313615	0.08182794906277821	-0.27817010893501104	-0.066521861668299098	0.0091705303558843061
0.0074915739360714674	-0.10641286623876507	0.015147373916096996	-0.34764018863495733	-0.39127360567778741	0.29291676920967102	0.0020464141442482057	-0.14397693110053389	0.4116439927400577	-0.066613080893745652	0.0019917837730572719	-0.0079724585963892487	-0.1916279508382483	0.33105627514069424	-0.18846603836218098	0.055402839266934359	-0.053874251503109503	0.060979605686783143	-0.13214000154639613	-0.01849372835351501	-0.06271599560808018	-0.14004242200584976	-0.14638348430307666	0.021959319304603618	0.052736436446569571	-0.10148358253348368	0.30956378284831976	-0.035071835790170716	0.00068420828046803113	-0.25698763951224657	-0.052116958894861988	0.016297106062911227
-0.0022266978933132035	0.041454231017328716	-0.0049735386519681795	0.13181150640281444	0.15054993383837373	-0.11366260186247873	-0.0012977468833850433	0.056607742059507853	-0.15182405413023381	-0.053947856855298751	-0.18919001639262784	-0.61899136485328621	0.14102017652822255	0.23575573162819097	-0.17733955020891931	0.11988851277083151	-0.058787345432981961	0.081648951914625997	-0.18817457031656409	0.15235101740898832	0.16184231579749786	0.19683088685861874	0.069871036885459772	0.26953918517888104	-0.071307956437441256	0.063025091486754989	0.20772161667089895	-0.18497865258897347	-0.12760564895141399	-0.2455328836434133	-0.033008319107205281	0.024488710274156476
-0.00066946256521279552	-0.00063810486162996975	-7.2908535462290122e-05	-0.00076502741282851935	-0.003989326511562934	0.0022507762241407068	-0.0013328053715520977	-0.00017137154852837685	-0.0056767915993835329	0.086916863084265078	0.47549852606204368	0.30317475925607223	0.53022714234114654	0.088945721823892807	-0.29563366575471195	-0.016371149584299274	-0.11254422031800122	0.017473135007793551	-0.1638485190877563	-0.036403840512344264	0.043616252208400395	-0.01238984912269981	-0.058099478563387368	-0.050487749128193232	-0.027713367229239897	0.22389807202191497	-0.14622953080211407	-0.2945398005745718	-0.23557310502892581	-0.18036624488788755	-0.017279703555179791	0.034232040163808299
0.00050064926606746454	-0.00024203837188965281	-0.001089887837382857	0.0021395363072029276	0.0048628887536830995	-0.00010432606278975879	0.0034685386215822676	0.0017383446466868141	0.0041246946776188897	-0.055509064671473943	-0.67498765595572652	0.27016517249315064	0.084517103059127893	-0.13118797466814217	-0.13837149625839432	0.045914505007387543	-0.01133047973286045	0.06835522449792622	-0.40784402241876616	-0.060416883083673378	-0.16415007079673183	-0.15333725639194346	0.085752364185407534	0.048729138569692396	0.20445965496135357	0.071042879335015033	-0.23999200839391113	0.048313712210638432	-0.26494664175258437	-0.094060582639899123	0.0063413149516223181	0.042570908039984007
-0.00030589274999524732	0.00018301540718531102	0.00070192467515348665	-0.0010238351208347509	-0.0022951314001330735	-0.00030164538476938483	-0.0013615650291409437	-0.0012596431474064997	-0.0019846310453772767	0.028202998463889017	0.32846356261763859	-0.20056507645209892	-0.38989694070807324	-0.37873895789372847	-0.21339766886426903	-0.1044145321913186	-0.091344277679560423	-0.28934553758685388	-0.4331976311230088	0.030135395556927229	0.14435919390815316	0.097535481601763868	0.023133808313714845	-0.12219138859074485	0.088784679492519281	-0.12460286067157876	-0.07216168648711245	0.22876593145762089	-0.29225557186506634	-0.056086884832517336	0.033706654991619345	0.04555424586783105
2.9311343629965135e-05	-1.5733938078968854e-05	-4.6994568097024261e-05	1.2290188134520865e-05	-0.00020632140247240236	0.00022086815751552811	4.6172796075760634e-05	0.0002024530265844911	-0.00063575423346732814	0.0053976923181203069	0.013883033673130431	0.015778470982532204	0.073716779717626302	0.20795780987623308	0.50242177711702884	0.25034784616797334	0.31755262982077281	0.18942204069316704	-0.27147362697546856	-0.17123811059648628	0.34306315117838959	0.090017311691314217	-0.17801859821500696	-0.35928615349678339	-0.089900432028581306	-0.07660588485901848	0.014287675484472568	0.11000973056574459	-0.27884407055152211	-0.02988828881739734	0.050568588511062121	0.044402497117764714
END_OF_FILE
